0.86	0.34263545
0.88	0.2796868
0.89	0.24715833
0.8925	0.23549163
0.89	0.22866772
0.8883333	0.26970163
0.88857144	0.23187017
0.88125	0.32912135
0.8844444	0.25070548
0.885	0.25753587
0.88272727	0.29646522
0.8808333	0.2902542
0.88076925	0.25924623
0.87642854	0.3072562
0.878	0.30322003
0.8775	0.29175496
0.8770588	0.29991904
0.8738889	0.35777605
0.87526315	0.2996789
0.875	0.25114152
0.8757143	0.25401717
0.8731818	0.37919778
0.87	0.42359498
0.86833334	0.29885566
0.8684	0.32280773
0.8688462	0.2756397
0.8688889	0.24470352
0.8675	0.3262269
0.8693103	0.21338898
0.869	0.313633
0.8696774	0.20489094
0.86875	0.31984818
0.86848485	0.27137324
0.8683575	0.3510115
0.8657679	0.36461934
0.8644647	0.40752694
0.86461794	0.26559842
0.8647629	0.3507465
0.864638	0.2971971
0.86477506	0.4358128
0.8664008	0.22625561
0.86600196	0.330674
0.86419755	0.3762154
0.8638683	0.36359885
0.8651405	0.22200774
0.8643617	0.34868073
0.8638335	0.29714897
0.8639643	0.28608292
0.86388195	0.30149823
0.8644137	0.24992703
0.86472464	0.22265375
0.86384976	0.34500432
0.86415964	0.35040557
0.8650226	0.25422034
0.86456025	0.30174902
0.86411464	0.2976313
0.86368495	0.35528472
0.86362046	0.28831962
0.8633861	0.32387096
0.8638363	0.23574466
0.8634398	0.33205983
0.8630563	0.3045048
0.86332905	0.28991374
0.86343473	0.37479746
0.86384904	0.2654593
0.8630221	0.36512557
0.86327887	0.31005985
0.86412394	0.2448637
0.86391664	0.2928238
0.864294	0.27518106
0.8638049	0.36947083
0.8633296	0.48479545
0.8639767	0.2665272
0.8643326	0.2539761
0.86427414	0.37132314
0.8642173	0.2907925
0.8642932	0.29953018
0.86501557	0.22550808
0.86507934	0.27834117
0.8651416	0.25521928
0.8655766	0.28615126
0.8657544	0.24713065
0.86629325	0.19453183
0.86633784	0.2592771
0.8661436	0.29936048
0.86583644	0.28369808
0.86623317	0.2753968
0.86581725	0.2822417
0.86586475	0.29877907
0.86635995	0.27448198
0.86617845	0.3504338
0.8664399	0.25833067
0.8668042	0.324801
0.8666237	0.38015285
0.8663408	0.34168
0.86658955	0.21287914
0.86714524	0.222711
0.8670717	0.2772199
0.8681207	0.12359539
0.8683414	0.2692009
0.869157	0.15931651
0.8693631	0.30464184
0.8695652	0.28864655
0.8692785	0.39352235
0.8691894	0.3120434
0.8694825	0.28447425
0.86977005	0.28240645
0.8697722	0.26271927
0.8695893	0.33565846
0.8695931	0.2566915
0.8696876	0.29359072
0.8697804	0.23347208
0.87022835	0.20019148
0.87075675	0.2274617
0.870312	0.33173588
0.8702224	0.3147406
0.8707372	0.27080712
0.87064546	0.3072297
0.8707247	0.28298068
0.8705507	0.35793903
0.87079585	0.22769588
0.870459	0.4176192
0.8703734	0.2911854
0.87028915	0.3208058
0.86972284	0.4326352
0.8698849	0.22048809
0.8694894	0.35448304
0.86957204	0.21978444
0.8694193	0.3191603
0.8693463	0.2925489
0.8692745	0.26641983
0.8695851	0.23937221
0.8701181	0.16526127
0.8701172	0.22787966
0.8702654	0.2958626
0.8707075	0.19554232
0.8709962	0.21622905
0.87077016	0.32202834
0.87076455	0.2978617
0.87075907	0.35176358
0.8708964	0.2215169
0.87110263	0.23358357
0.871517	0.17217222
0.87178594	0.26095727
0.87177354	0.37624314
0.8718302	0.28202522
0.87195456	0.2536308
0.87173736	0.27470905
0.87192816	0.23593408
0.87225056	0.18663974
0.8720357	0.33034444
0.8721546	0.27837187
0.8718775	0.29576823
0.8721917	0.18512009
0.8717882	0.39628857
0.8717122	0.30773956
0.87170124	0.28992507
0.87188137	0.25156015
0.8721857	0.18758053
0.87242335	0.20829405
0.8724706	0.30776614
0.87257946	0.2860338
0.8726869	0.21799992
0.872793	0.29495475
0.87289786	0.21879436
0.873062	0.24951921
0.87334454	0.18258272
0.8733844	0.28159
0.8733048	0.34152848
0.873167	0.36328945
0.8733247	0.26064458
0.87312996	0.3441306
0.8733442	0.2355039
0.87320936	0.28027478
0.873076	0.3262704
0.8729443	0.31073207
0.8725301	0.38828874
0.87257224	0.25271738
0.8726701	0.2304597
0.872711	0.2704002
0.8728625	0.18603855
0.8728467	0.28405243
0.8729409	0.24440712
0.87281567	0.31589174
0.87274605	0.24792992
0.8727312	0.28976464
0.87277025	0.3206461
0.87275547	0.2606879
0.8725282	0.3733786
0.8725148	0.26002043
0.872449	0.29739535
0.87254083	0.22341785
0.87278783	0.22223526
0.87287694	0.27476627
0.87291366	0.2532323
0.8730012	0.25438535
0.87283295	0.3448856
0.8730215	0.18304756
0.87280434	0.2639813
0.8727903	0.24203226
0.8730262	0.2202435
0.8731106	0.23942734
0.87304574	0.25572664
0.8730307	0.30750793
0.8731139	0.23160185
0.87334245	0.20504469
0.8732777	0.2801955
0.8732136	0.31567386
0.87348646	0.1901608
0.8737089	0.2235313
0.87354845	0.31908965
0.873579	0.40322113
0.87346786	0.29551125
0.8735454	0.3345872
0.87352884	0.3475279
0.87355894	0.22028577
0.8733574	0.39147213
0.8732498	0.31698033
0.8732349	0.3764579
0.87322015	0.25493652
0.8733872	0.24720705
0.8735528	0.2518218
0.8735818	0.2503544
0.87347615	0.30692124
0.8736391	0.22362813
0.8737118	0.26439828
0.8736954	0.27133846
0.8736791	0.42104557
0.87348765	0.37890896
0.87360334	0.25685397
0.87350076	0.27570283
0.8733126	0.33073926
0.87316906	0.27557868
0.87311256	0.25498405
0.87331283	0.24114886
0.8735114	0.24157292
0.87341183	0.3277148
0.87331307	0.2755727
0.8731732	0.33094245
0.8733272	0.25053516
0.8734799	0.24915572
0.8734655	0.33973846
0.8735338	0.30108842
0.87356037	0.28606078
0.87334096	0.3185056
0.87336814	0.30188638
0.8735576	0.2524831
0.87346226	0.3029442
0.87352896	0.24841651
0.87375563	0.19874136
0.8736207	0.31635314
0.87348676	0.3482061
0.8736316	0.25714678
0.8733012	0.36757928
0.87344563	0.197605
0.8735889	0.19704065
0.87369204	0.26586998
0.8737943	0.21775493
0.8740896	0.20419529
0.8740352	0.26255685
0.8738659	0.34531713
0.87369794	0.39775646
0.87372196	0.2283966
0.8736318	0.30983996
0.87339085	0.47656837
0.8734158	0.21612877
0.87332785	0.27577066
0.8734651	0.28062096
0.87367594	0.20415978
0.87377375	0.26013985
0.8737228	0.27044183
0.8737091	0.24572691
0.8738057	0.2334224
0.8736453	0.3648782
0.87370497	0.22545591
0.8738369	0.23064175
0.87385917	0.3032621
0.87406176	0.16857156
0.8742629	0.18964833
0.87428343	0.32034796
0.8743039	0.26054332
0.87432414	0.2732521
0.8743442	0.2963561
0.87418765	0.43140587
0.8742081	0.30945903
0.8742985	0.22879596
0.8743185	0.308717
0.8743034	0.2625206
0.874462	0.19197398
0.87455034	0.22061765
0.87453467	0.34362462
0.8743817	0.40220708
0.8744352	0.22730082
0.8743859	0.29775423
0.874337	0.2791651
0.87449175	0.20119457
0.8740713	0.41220227
0.8740576	0.26724377
0.87427884	0.18281417
0.87426454	0.3222912
0.8740504	0.33801076
0.87416977	0.23717941
0.8741891	0.32802245
0.87417525	0.2852915
0.874293	0.23375832
0.8742134	0.27042827
0.87400365	0.34453246
0.87395805	0.2618668
0.87397766	0.27769986
0.87412655	0.19242996
0.874081	0.259272
0.8741643	0.2720165
0.8741189	0.23091023
0.87416965	0.25091848
0.8741245	0.28259417
0.8742384	0.2896384
0.87431985	0.3196753
0.87421167	0.2826601
0.87422985	0.2790888
0.8742479	0.28575662
0.8742659	0.25367555
0.87428373	0.2254982
0.8741463	0.28854883
0.8741025	0.22312576
0.87408984	0.24317107
0.874108	0.33054507
0.8740034	0.3342398
0.8739912	0.26788786
0.87391806	0.30601498
0.8738758	0.30472425
0.87386405	0.28745472
0.8739732	0.20644166
0.8739311	0.25011796
0.8738593	0.25835377
0.87375796	0.31598708
0.8738362	0.20839232
0.87373555	0.31795186
0.87384313	0.2112516
0.8737726	0.27170703
0.87390894	0.22286312
0.87372106	0.33732963
0.87368083	0.2832256
0.87361157	0.3435843
0.8736011	0.29491508
0.873794	0.18071602
0.8737541	0.277655
0.8737143	0.25983036
0.8738189	0.22525434
0.8739802	0.19754519
0.8741407	0.15016806
0.8741003	0.39310622
0.87394625	0.2963312
0.8738498	0.32170054
0.8739522	0.22487088
0.8739128	0.36265323
0.87398624	0.24281193
0.8740593	0.24537548
0.87418795	0.17275979
0.87420416	0.26841214
0.87405324	0.35892853
0.87406975	0.23652753
0.8740862	0.24761567
0.8739092	0.37665528
0.873926	0.25433263
0.87399757	0.23203385
0.8740962	0.21627562
0.87416697	0.21270944
0.8741556	0.22162212
0.8741715	0.24477169
0.87426853	0.27691832
0.87425697	0.30184594
0.8742994	0.23398703
0.8743954	0.23033476
0.87438357	0.2980193
0.87429166	0.2762912
0.87433356	0.30709517
0.87424225	0.35098362
0.87423104	0.2629646
0.8742463	0.27178243
0.87426144	0.24537654
0.8743818	0.2546525
0.8743965	0.29008153
0.87443733	0.22666141
0.87434745	0.33350384
0.874232	0.26501024
0.8741691	0.251556
0.874236	0.29735652
0.8743284	0.22676225
0.874343	0.22941628
0.87443465	0.24828972
0.8743464	0.31958234
0.8743352	0.3215455
0.8742732	0.30594367
0.8744149	0.20357451
0.8745306	0.17708749
0.8745698	0.27735114
0.8745582	0.2595814
0.8744964	0.3065117
0.8745353	0.21081048
0.87447387	0.32773712
0.87446266	0.27386922
0.8744765	0.22281772
0.8744156	0.3327674
0.8745535	0.19586048
0.8746659	0.22404993
0.8747532	0.2627733
0.8748646	0.2358226
0.8748035	0.33083135
0.8749142	0.19602135
0.87497556	0.29862264
0.874939	0.2676699
0.875	0.22336784
0.8750607	0.232715
0.8750726	0.22810242
0.87515694	0.22402129
0.875265	0.26780432
0.8752283	0.26416644
0.87538356	0.21795247
0.8753707	0.24824958
0.8754772	0.20744812
0.87539274	0.29457068
0.87549865	0.23788093
0.87548566	0.2781796
0.8754018	0.33898234
0.8754598	0.2166203
0.8755646	0.2020151
0.87559843	0.30238646
0.8755151	0.37684
0.875619	0.23850125
0.8756758	0.21949516
0.8757556	0.23708037
0.8757886	0.22585356
0.87584466	0.28133163
0.87585425	0.242498
0.8758638	0.21695016
0.8758274	0.2117874
0.8758828	0.23169836
0.87582356	0.30965322
0.87587875	0.24428356
0.876002	0.18074144
0.87594295	0.37326613
0.8759975	0.23012096
0.8760517	0.20364106
0.8761284	0.2847027
0.87613934	0.2176401
0.8762156	0.23105183
0.8761567	0.3162061
0.8762549	0.20624836
0.876308	0.23574884
0.8761824	0.32732815
0.8760796	0.362262
0.87615496	0.24351005
0.8760748	0.33485603
0.87614983	0.25020763
0.87620246	0.23012096
0.8762328	0.23374635
0.8762411	0.30353385
0.87627125	0.25658926
0.8763013	0.2750555
0.87637484	0.22327833
0.8763827	0.25181216
0.87641233	0.21853602
0.8765068	0.18884088
0.8766009	0.2566218
0.8766298	0.2627106
0.8766371	0.26889926
0.87666583	0.22593696
0.876673	0.2691748
0.8765945	0.41518247
0.87668717	0.20590958
0.87671554	0.2697601
0.87663746	0.38517502
0.8767507	0.21524516
0.8766941	0.29314533
0.8766799	0.22707018
0.876708	0.2187106
0.8766939	0.3028392
0.8767638	0.24850567
0.87674963	0.2475204
0.8767564	0.2965235
0.8767006	0.32940975
0.8767283	0.24140579
0.876839	0.19845863
0.87680405	0.26285622
0.87670726	0.28800634
0.876776	0.20654303
0.87670016	0.2577612
0.87670696	0.279286
0.8767753	0.24889378
0.87676144	0.31650266
0.8767476	0.25754875
0.87673384	0.27377737
0.8766998	0.28085983
0.87662524	0.35483363
0.8766321	0.29124773
0.8765984	0.30128154
0.8766053	0.26353556
0.87671286	0.20178835
0.8767597	0.26613763
0.8767261	0.3200239
0.8766926	0.26402602
0.8767192	0.2262426
0.8766459	0.3182583
0.8765929	0.26780987
0.8766195	0.28758565
0.8766262	0.2803741
0.87667245	0.20044607
0.8766593	0.3475681
0.8766856	0.25501215
0.8766921	0.25880462
0.87660044	0.34839454
0.8764895	0.3169304
0.8764572	0.33837262
0.8765227	0.30104268
0.8765295	0.2530466
0.87661403	0.21062236
0.87664	0.25522494
0.8765303	0.2909938
0.87661433	0.18133654
0.8765051	0.27568036
0.8764348	0.35958523
0.87644166	0.28902617
0.87658274	0.20622282
0.87655103	0.23715293
0.8765385	0.2881089
0.87656415	0.20629959
0.8765707	0.30214995
0.8765962	0.26372948
0.8766027	0.30532107
0.8766659	0.18656562
0.8767478	0.21097045
0.8767351	0.2600241
0.8767224	0.23563744
0.8767473	0.19305874
0.8766972	0.36825958
0.8767595	0.2581366
0.8768029	0.25012094
0.8767902	0.258348
0.87679625	0.21207885
0.87685794	0.18884188
0.8769379	0.19941704
0.87699914	0.17202808
0.8770047	0.3031351
0.87695485	0.25081375
0.87696046	0.32491043
0.87694764	0.2519405
0.87693495	0.3398642
0.876849	0.3427301
0.8768913	0.3359904
0.8769152	0.22810659
0.8769208	0.26583028
0.8768356	0.31388745
0.8768413	0.28191987
0.8767565	0.30856597
0.87667197	0.33638135
0.87671405	0.2546843
0.87668395	0.3736503
0.87681574	0.1806026
0.8769112	0.20325913
0.8769526	0.2401785
0.8768865	0.37460944
0.8769456	0.17783049
0.87696886	0.31273425
0.87699205	0.24607086
0.8769796	0.3124963
0.8770204	0.19109032
0.8769726	0.27189332
0.87701327	0.20757319
0.8770891	0.17563634
0.87707657	0.3023523
0.87715197	0.15612842
0.877157	0.30794036
0.87709194	0.30057615
0.8771844	0.26140976
0.877294	0.19973443
0.87726384	0.3620856
0.8772512	0.25785103
0.87720394	0.3276475
0.87724346	0.21103214
0.8773001	0.26900646
0.8772702	0.26785144
0.8773266	0.21218108
0.8773312	0.28809223
0.8772843	0.33785403
0.87728894	0.22467136
0.8773449	0.23458472
0.87736654	0.3176424
0.8773369	0.31544197
0.87734145	0.33542404
0.877312	0.34419763
0.8773505	0.26025483
0.87733805	0.24915816
0.87735945	0.24987207
0.8773639	0.22028051
0.87736833	0.28029045
0.87735593	0.30893925
0.8773436	0.22451705
0.8774151	0.25783065
0.8774697	0.23122877
0.87749064	0.23294185
0.8775282	0.23894185
0.8775157	0.26403204
0.8775198	0.23960242
0.8774243	0.3103193
0.8774949	0.20534815
0.87751555	0.23687336
0.87743706	0.44666368
0.87732583	0.35694495
0.87731373	0.2281497
0.8773675	0.21446677
0.87738824	0.3224417
0.87740886	0.26485968
0.87747854	0.1844592
0.8774827	0.30810413
0.8774705	0.2809206
0.87750715	0.24834667
0.8775925	0.21647114
0.8775964	0.29072332
0.8776003	0.2812043
0.8776365	0.2504815
0.8776726	0.21229085
0.8776925	0.23598696
0.8777284	0.24217445
0.8776999	0.244578
0.8776876	0.27396125
0.87772334	0.22798508
0.87771094	0.24215938
0.8777465	0.24264376
0.87781394	0.257252
0.87775373	0.35613596
0.87782085	0.2468359
0.8777926	0.25277704
0.8778436	0.21809633
0.8778628	0.22283138
0.877803	0.33107972
0.87786955	0.14619778
0.8778415	0.2895658
0.87795484	0.15843469
0.87800515	0.1988307
0.8780866	0.18553838
0.8781678	0.21448246
0.8782019	0.2803393
