0.97	0.0767093
0.955	0.11630607
0.9433333	0.19370991
0.9525	0.056906484
0.956	0.10466918
0.96	0.07548693
0.9614286	0.10853627
0.96375	0.066306755
0.96444446	0.067692466
0.963	0.10547569
0.9590909	0.12949158
0.9575	0.14752977
0.95615387	0.117060274
0.955	0.181561
0.95533335	0.084626
0.955	0.1131972
0.95411766	0.097855404
0.9522222	0.18546574
0.951579	0.11039251
0.9525	0.13284305
0.95285714	0.12657262
0.9522727	0.122931585
0.9521739	0.14058764
0.9525	0.09335122
0.9516	0.10651254
0.9511539	0.12334579
0.95148146	0.09749852
0.9525	0.06938114
0.952069	0.16472939
0.95266664	0.08510562
0.95225805	0.13752107
0.9528125	0.081138395
0.9530303	0.08930823
0.9538235	0.07600574
0.9545714	0.06633884
0.95444447	0.21449614
0.95486486	0.06562651
0.9536842	0.24945694
0.9533333	0.11139571
0.95275	0.17659426
0.9517073	0.21825117
0.95238096	0.10133254
0.9518605	0.18703595
0.9515909	0.13061935
0.952	0.12361474
0.9523913	0.08091357
0.9531915	0.05871507
0.9535417	0.08795434
0.95387757	0.086647004
0.954	0.12206179
0.95235294	0.24558021
0.9523077	0.18483528
0.95226413	0.12846063
0.9522222	0.11763124
0.95254546	0.086929694
0.95267856	0.10511259
0.9526316	0.10941973
0.952069	0.18268685
0.9522034	0.08746046
0.9518333	0.108965494
0.95163935	0.10299804
0.9509677	0.18702172
0.9514286	0.1225455
0.9515625	0.09462592
0.95153844	0.19394903
0.9519697	0.057941865
0.95208955	0.10221973
0.95191175	0.1752618
0.95188403	0.13098273
0.95214283	0.09215806
0.9525352	0.05600562
0.9525	0.09588363
0.9527397	0.13082843
0.9522973	0.13368328
0.9516	0.22661175
0.95092106	0.22997612
0.9512987	0.06585041
0.95141023	0.13822949
0.95164555	0.06801901
0.951625	0.09586976
0.951358	0.14453934
0.95109755	0.14492908
0.9515663	0.04940849
0.95178574	0.071632646
0.9515294	0.117614985
0.9517442	0.07628037
0.9513793	0.13982733
0.95125	0.12550677
0.951573	0.07030616
0.95155555	0.09375902
0.9514286	0.12317461
0.95152175	0.09568968
0.9511828	0.19512756
0.9512766	0.12789875
0.9513684	0.12056573
0.95145833	0.096824124
0.9517526	0.07280929
0.95153064	0.18673585
0.95151514	0.12905845
0.9518	0.07252308
0.95207924	0.054404225
0.95186275	0.16058908
0.9520388	0.08224485
0.9519231	0.19699056
0.9518095	0.1391249
0.9515094	0.23043495
0.9515888	0.08038782
0.9513889	0.1389397
0.95155966	0.07897251
0.9515455	0.101249196
0.95144147	0.14669001
0.95169646	0.06404777
0.9517699	0.08521248
0.9517544	0.13201828
0.95173913	0.14690834
0.9517241	0.14906238
0.9517094	0.1339321
0.95177966	0.11619221
0.95184875	0.13356604
0.95175	0.19605869
0.95173556	0.090115674
0.95180327	0.1318225
0.9514634	0.22875105
0.95120966	0.12756775
0.9512	0.14620054
0.95111114	0.1660728
0.95125985	0.091492616
0.95101565	0.19463262
0.9511628	0.12107055
0.9510769	0.12124081
0.9510687	0.099010706
0.95098484	0.12375743
0.9510526	0.07212433
0.9511194	0.15189627
0.95133334	0.099983804
0.9513235	0.11988699
0.95131385	0.1222488
0.9514493	0.09898789
0.95129496	0.1254022
0.95114285	0.09944062
0.95141846	0.06981672
0.95133805	0.13461451
0.9513986	0.07434434
0.9515972	0.05252198
0.9515862	0.120196946
0.95184934	0.07429652
0.9520408	0.074563704
0.9520946	0.072444566
0.9522819	0.100699246
0.95206666	0.15151954
0.9523179	0.07414691
0.95236844	0.092896774
0.9524183	0.11691188
0.9522727	0.14135022
0.9523226	0.1140061
0.9523718	0.13632871
0.9523567	0.13736464
0.95253164	0.058763605
0.9527673	0.043630145
0.9528125	0.12974983
0.95285714	0.13099761
0.95296293	0.06281157
0.95294476	0.12596491
0.95310974	0.071877114
0.9529697	0.18084651
0.9531928	0.0723631
0.9531138	0.15157607
0.95309526	0.16081692
0.9531361	0.10237341
0.95311767	0.110115334
0.9530994	0.11652976
0.95308137	0.14260095
0.9532948	0.055718046
0.9533333	0.11655916
0.9533143	0.12332248
0.9531818	0.119448125
0.9532768	0.13663822
0.95325845	0.111313365
0.953352	0.08317211
0.95338887	0.095905945
0.95348066	0.08557218
0.9535165	0.13252175
0.9534973	0.14381294
0.95369565	0.032749772
0.95372975	0.11357897
0.9536559	0.13462515
0.9536898	0.11207786
0.95372343	0.124704845
0.9538624	0.06723541
0.9536842	0.17109276
0.95387435	0.042933837
0.9540104	0.07007594
0.9540414	0.16881016
0.95412374	0.087256186
0.9541026	0.104065865
0.9542347	0.079711914
0.954264	0.11342588
0.95414144	0.17314115
0.9542714	0.09499546
0.9543	0.102462776
0.95432836	0.10997567
0.9542574	0.20945977
0.95423645	0.14849286
0.95431376	0.09857715
0.95429265	0.10425991
0.95441747	0.08066394
0.95449275	0.08342695
0.9545673	0.11202915
0.95454544	0.12973966
0.9543809	0.14736429
0.9542654	0.14588496
0.9541981	0.13670732
0.95431924	0.05020998
0.9541122	0.20251594
0.954186	0.09347181
0.9540741	0.10529403
0.9541014	0.0807038
0.953945	0.19638036
0.95369864	0.18002978
0.95363635	0.12691016
0.95366514	0.13030712
0.9536937	0.08960891
0.9536323	0.11312431
0.9536607	0.13976623
0.95386666	0.041295473
0.9538053	0.13513154
0.9539207	0.073810704
0.9538596	0.1663406
0.95397377	0.1156326
0.95391303	0.13806726
0.9539394	0.12554896
0.95396554	0.088630855
0.9539914	0.10589054
0.9540171	0.08404782
0.954	0.18900634
0.9541525	0.054028634
0.9540928	0.1238009
0.95390755	0.17194754
0.9539749	0.124054216
0.95383334	0.23710056
0.9539004	0.15165675
0.9539256	0.09129937
0.9540329	0.05448459
0.9540574	0.13240163
0.95408165	0.12256918
0.9540244	0.14408025
0.9540486	0.09476717
0.9541129	0.10591056
0.9539759	0.14826149
0.95392	0.14701866
0.9539044	0.1276516
0.9539286	0.08748333
0.95399207	0.109332554
0.95405513	0.11327841
0.95407844	0.089447364
0.95394534	0.14621328
0.9539689	0.10539645
0.954031	0.115633085
0.95401543	0.09651178
0.95407695	0.18557481
0.9540996	0.112198375
0.954084	0.12981296
0.9539544	0.18092999
0.95401514	0.07998145
0.9540377	0.09017746
0.95390975	0.18034594
0.9539326	0.12119579
0.95399255	0.08249062
0.9540149	0.11200155
0.953963	0.13125442
0.95402217	0.09988789
0.95415443	0.074611604
0.9540293	0.18941316
0.9541241	0.052305426
0.95403636	0.25119698
0.95391303	0.14308447
0.9540433	0.07691413
0.9540647	0.09510003
0.9541219	0.06007499
0.95410717	0.14959078
0.9540569	0.20796594
0.9540071	0.1615686
0.9539576	0.19457027
0.95390844	0.12563008
0.9538596	0.1476964
0.95374125	0.13644153
0.9537282	0.11190466
0.95375	0.09840216
0.9536332	0.16747858
0.9535517	0.12565386
0.9535739	0.11276393
0.95366436	0.06370794
0.9535836	0.12875444
0.9536054	0.10399044
0.9535254	0.13149208
0.9535135	0.091571935
0.953569	0.07836387
0.9532886	0.2378903
0.9532776	0.13267557
0.9532667	0.08939676
0.9532226	0.14430346
0.9531788	0.110689156
0.9531023	0.1790306
0.9530921	0.11641921
0.95308197	0.15862153
0.9531373	0.07794099
0.9532248	0.08132547
0.9531169	0.18544199
0.9531392	0.18286969
0.9531613	0.11343112
0.953119	0.09654859
0.95314103	0.11237931
0.953131	0.10564658
0.95321655	0.065936826
0.9531746	0.1282357
0.9531329	0.14679603
0.95312303	0.13177073
0.95314467	0.111476384
0.9531661	0.09511569
0.95309377	0.1844192
0.95305294	0.11368397
0.9529503	0.17907077
0.9529412	0.12258056
0.95305556	0.044430505
0.95304614	0.15072545
0.9530982	0.066476144
0.9530887	0.087919325
0.95314026	0.08603343
0.9531915	0.098519295
0.9531818	0.09798507
0.95308155	0.21285404
0.9531024	0.123392336
0.9531832	0.077043556
0.9531437	0.09328404
0.953194	0.070326224
0.953125	0.16693567
0.9531157	0.15254247
0.9531657	0.05508595
0.95315635	0.1345015
0.9532059	0.13572101
0.9532551	0.08536585
0.95327485	0.104875766
0.95317787	0.19276829
0.95322675	0.08114971
0.95324636	0.08945196
0.9532081	0.14404114
0.95317	0.13415846
0.9531322	0.09792999
0.9531519	0.10177918
0.9532	0.084188774
0.95321935	0.11234474
0.95323867	0.13781162
0.9533144	0.106669635
0.9533333	0.11325679
0.95332396	0.1132618
0.95342696	0.04999886
0.9534454	0.1089558
0.9534358	0.14712787
0.95337045	0.1677242
0.95338887	0.099838845
0.9534072	0.1056042
0.95334256	0.10478581
0.9533058	0.1377779
0.9532967	0.15472585
0.95336986	0.056930337
0.9533333	0.1367385
0.9533515	0.09353811
0.95336956	0.07249678
0.95322496	0.20206898
0.9532162	0.12732083
0.95320755	0.15809412
0.953172	0.13051127
0.9532708	0.05423718
0.9532888	0.12149076
0.9533067	0.13114561
0.9533245	0.09863829
0.9533422	0.08341412
0.953254	0.15122738
0.95327175	0.086577475
0.95328945	0.107104406
0.95322835	0.19582191
0.95324606	0.0950481
0.9532637	0.101178005
0.9532292	0.19030094
0.9531948	0.15696973
0.9531865	0.12591837
0.9533075	0.025546389
0.95335054	0.08556004
0.9533676	0.09398042
0.9533333	0.1285706
0.95327365	0.12183962
0.9532143	0.17953895
0.9531807	0.10394625
0.95314723	0.15456878
0.953038	0.1717181
0.9530303	0.15819138
0.953073	0.1040135
0.95296484	0.20948528
0.9530075	0.070982166
0.9531	0.06899707
0.9530424	0.2416678
0.9530846	0.08016263
0.95310175	0.12158281
0.95314354	0.10064118
0.9531111	0.1218028
0.9531034	0.12259246
0.95307124	0.09053907
0.9531373	0.07439765
0.95310515	0.12867783
0.9531707	0.09494801
0.95321167	0.11259987
0.9531068	0.14550424
0.95309925	0.094400175
0.95306766	0.12062602
0.95306027	0.12928529
0.95302886	0.123102225
0.95304555	0.12836482
0.9529665	0.19835034
0.9528401	0.15280391
0.95283335	0.17079991
0.95280284	0.118353546
0.9527962	0.11035518
0.95286053	0.07923117
0.9526651	0.26095155
0.95265883	0.12362544
0.9526526	0.08822164
0.9525527	0.23440526
0.9526402	0.092912644
0.95263404	0.09160617
0.9526744	0.08556662
0.9527146	0.07255972
0.9527546	0.11052094
0.95277137	0.11326845
0.95281106	0.09744068
0.9528736	0.06486892
0.952867	0.105771266
0.95281464	0.16372298
0.95276254	0.1340715
0.9528018	0.07695778
0.95272726	0.17117518
0.95274377	0.10326187
0.9527149	0.12482046
0.95275396	0.088074476
0.95272523	0.16887441
0.9526517	0.16187477
0.9526233	0.17297246
0.95261747	0.10823315
0.9526339	0.11559664
0.9526949	0.07794277
0.95273334	0.058951996
0.9526829	0.14698827
0.9526991	0.10728291
0.9527594	0.05988198
0.9527533	0.120788395
0.9527472	0.1266621
0.9526316	0.1729767
0.95266956	0.12395964
0.9526638	0.15088512
0.9526362	0.14949585
0.9526087	0.2149378
0.95264643	0.090141326
0.9525974	0.15462932
0.9525918	0.17947924
0.9525431	0.15155216
0.9525591	0.07567334
0.9525322	0.13766924
0.95252675	0.09691146
0.9525427	0.16600603
0.952516	0.10981188
0.9524468	0.16293314
0.9523779	0.23716588
0.95239407	0.11074198
0.95234674	0.13204958
0.9523418	0.111895666
0.95233685	0.1323527
0.9523109	0.18881391
0.9522851	0.17927599
0.9522594	0.11913157
0.9523382	0.06083598
0.95229167	0.12689185
0.95239085	0.039410308
0.9523237	0.17457396
0.95229816	0.13668185
0.9522934	0.11513789
0.9523711	0.051375147
0.95236623	0.14769782
0.9523614	0.09928533
0.9523975	0.05898973
0.9524335	0.12589109
0.95232654	0.19482365
0.95228106	0.1688223
0.9522561	0.16859162
0.9521501	0.16717191
0.9521862	0.067577414
0.95224243	0.0857363
0.95221776	0.14307126
0.9522334	0.19063063
0.9522289	0.13306423
0.9522044	0.10947988
0.95214	0.1634219
0.95207584	0.19988385
0.9520518	0.16913725
0.95202786	0.14722568
0.95208335	0.08817992
0.9520594	0.12307408
0.95209485	0.062135275
0.95211047	0.0802204
0.9520079	0.14874859
0.95202357	0.13839486
0.952098	0.05374568
0.95197654	0.25216046
0.95203125	0.08554458
0.9520663	0.09275896
0.9520233	0.13256693
0.9520777	0.10557362
0.95205426	0.10567193
0.95208895	0.07788661
0.95208496	0.12848662
0.9521002	0.088723734
0.95209616	0.09134511
0.9520921	0.11791069
0.9520498	0.15621078
0.952065	0.07571505
0.95209926	0.09021911
0.95213336	0.107797325
0.9520913	0.19825949
0.95210624	0.13584292
0.95214015	0.09015402
0.9520983	0.1402053
0.9520755	0.182196
0.95207155	0.104675524
0.9521053	0.12990992
0.95212007	0.12035582
0.952191	0.061116252
0.9522056	0.072964735
0.9522015	0.11795313
0.952216	0.1328711
0.95228624	0.06779677
0.9522449	0.13432279
0.9521852	0.14078279
0.9522181	0.0733131
0.952214	0.12207611
0.95219153	0.11017286
0.95213234	0.2253429
0.95209175	0.1457674
0.95208794	0.12551408
0.95210236	0.11121442
0.9520803	0.17475188
0.9521129	0.08906168
0.9521091	0.10040191
0.9521053	0.13466969
0.9521739	0.06173619
0.95216995	0.098517284
0.95220214	0.06958409
0.95216215	0.14923543
0.9520863	0.17361894
0.9521005	0.1213574
0.95209676	0.101819575
0.9521467	0.06143301
0.9521607	0.09206643
0.9521212	0.18655097
0.95211744	0.13678798
0.9520959	0.15190548
0.95210993	0.117235586
0.9520885	0.20168777
0.95201415	0.2069672
0.9519929	0.124602385
0.9519894	0.11776325
0.95200354	0.10068573
0.95203507	0.08293533
0.952049	0.10003366
0.95206296	0.12174723
0.9520593	0.13221495
0.9520209	0.12386033
0.9520522	0.12101
0.95208335	0.079391845
0.95206237	0.096650705
0.9520242	0.17792793
0.9520553	0.11061898
0.9520345	0.16345322
0.9520138	0.13333465
0.95204467	0.10410932
0.9520583	0.08095574
0.9520548	0.1112174
0.9520684	0.07258772
0.95204777	0.1603371
0.9519761	0.14275177
0.9520238	0.06332981
0.9520543	0.08696974
0.95201695	0.16488941
0.9519797	0.0830946
0.952027	0.0762222
0.9519899	0.15826881
0.9519529	0.19902988
0.9519328	0.12628612
0.9519295	0.11913452
0.95197654	0.07286573
0.95197326	0.14408036
0.95193654	0.14702925
0.9519	0.15698476
0.9519301	0.08047449
0.9518937	0.2052539
0.95190716	0.13558759
0.9519205	0.1216456
0.95196694	0.057314362
0.9519802	0.121558435
0.95202637	0.060246132
0.9520724	0.07578669
0.952069	0.10909887
0.9520328	0.15019268
0.95199674	0.1736167
0.95204246	0.06869911
0.95205545	0.07611468
0.9520521	0.11575729
0.95206505	0.14525431
0.9521104	0.058297075
0.95212317	0.16191192
0.95215213	0.075056955
0.95210016	0.20836908
0.95208067	0.14399318
0.95207727	0.09819096
0.95213825	0.045591325
0.952183	0.09050978
0.9521795	0.11869329
0.952192	0.08110847
0.9521725	0.1262731
0.9521531	0.103538826
0.9521497	0.086067565
0.95216215	0.11894292
0.9521111	0.16118622
0.95213944	0.06835325
0.9520728	0.20609637
0.9520695	0.14855179
0.95206624	0.1268713
0.9520315	0.13839346
0.9520912	0.0451944
0.9520251	0.17992249
0.9519906	0.15795726
0.9519875	0.10712621
0.95203125	0.06722318
0.95204365	0.09067509
0.95199376	0.18201216
0.95203733	0.110356644
0.9520186	0.13398035
0.9519845	0.12398499
0.951935	0.21430951
0.9519629	0.09418466
0.9519907	0.07833422
0.9520493	0.062943436
0.9520923	0.12156923
0.95207375	0.18399763
0.9520859	0.12470491
0.9520674	0.1735536
0.9520642	0.13157775
0.9520763	0.115678675
0.9520579	0.17481764
0.9520396	0.12579818
0.9520517	0.12467809
0.9520789	0.06966762
0.95210606	0.12025573
0.9520726	0.1572639
0.9520393	0.16987081
0.95200604	0.14822574
0.9519879	0.13657434
0.9519699	0.1261959
0.95196694	0.117883876
0.951949	0.12640178
0.95197606	0.051629998
0.95198804	0.110007145
0.95198506	0.12236152
0.95196724	0.17126201
0.95197916	0.10138358
0.95203567	0.06170487
0.95204747	0.09756423
0.9520148	0.11217299
0.95204145	0.082368985
0.9520236	0.11063999
0.9520354	0.105430625
0.95210606	0.048660137
0.95214707	0.071590215
0.9521439	0.11997212
0.9521261	0.096594274
0.952123	0.1032689
0.9521199	0.12828675
0.9521022	0.11012185
0.95209914	0.14052008
0.95202327	0.17541973
0.9520349	0.0880775
0.95206094	0.07149794
0.95207244	0.1085434
0.95208395	0.15130547
0.9521098	0.09063949
0.9521212	0.09441564
0.9521326	0.1114665
0.9521295	0.15866351
0.9521408	0.13691944
0.9521521	0.11796563
0.95217764	0.07926143
0.95220315	0.064127184
0.95224285	0.08540756
0.95221114	0.16230616
0.952208	0.11001843
0.9522048	0.10524801
0.9521875	0.14250663
0.9521844	0.14783621
0.95219547	0.13767312
0.95219237	0.10394736
0.9521469	0.18404797
0.95218617	0.056612883
0.9521831	0.15617985
0.9521941	0.09537275
0.952191	0.19237976
0.9521739	0.118878536
0.95215684	0.16398548
0.95213985	0.13864371
0.9521788	0.050957054
0.9521618	0.11342022
0.95218664	0.055707064
0.9522114	0.07904772
0.95218056	0.14217854
0.952233	0.05848038
0.9522853	0.06039105
0.952296	0.08401596
0.95232046	0.07682358
0.95234483	0.07687366
0.9523829	0.07923401
0.9523934	0.09196216
0.95240384	0.077609666
0.95231825	0.26258275
0.9523014	0.121338785
0.9523119	0.10163875
0.95226777	0.15598658
0.95226467	0.10911826
0.95226157	0.117251575
0.9522585	0.11292625
0.952269	0.09993234
0.9523202	0.05179177
0.95233065	0.10467243
0.95231396	0.17959104
0.95227027	0.15308024
0.9522402	0.17511156
0.9522237	0.121812515
0.9522476	0.06636952
0.95225805	0.11527037
0.952255	0.1037069
0.9522922	0.10685178
0.9523159	0.095305264
0.9523128	0.11520977
0.9523231	0.10834925
0.9523467	0.06936776
0.9523435	0.13878733
0.9523936	0.049005106
0.9524037	0.089765936
0.9524138	0.11092353
0.9524106	0.08449241
0.9524339	0.09093909
0.95241743	0.09820635
0.9524406	0.1300065
0.9524374	0.09202869
0.95242107	0.12379537
0.95244414	0.12962328
0.9524672	0.07257314
0.952464	0.10645782
0.9524738	0.0840168
0.9525098	0.051652335
0.9525196	0.066338025
0.95250326	0.13395673
0.95244735	0.23944056
0.9524702	0.09546771
0.95246696	0.084644176
0.9524508	0.13895649
0.95243466	0.123969644
0.95241857	0.13175876
0.9524542	0.06497832
0.9524639	0.11576864
0.95243496	0.13147582
0.9524576	0.07439035
0.9525059	0.059292518
0.9525155	0.10764752
0.95253795	0.0721142
0.95250905	0.18280283
0.9525442	0.07599753
0.9525282	0.14137499
0.95247394	0.20081486
0.95248353	0.114267625
0.9525186	0.094906636
0.95252806	0.09042739
0.9525756	0.079796076
0.9525597	0.15411763
0.95255643	0.099737234
0.95252794	0.21458471
0.95255	0.052586865
0.952572	0.13682888
0.952531	0.22449991
0.95254034	0.108577766
0.9525749	0.0577444
0.9525842	0.1320527
0.952581	0.15015146
0.9526028	0.06645156
0.9525745	0.15379621
0.9525713	0.107430965
0.9526055	0.06655928
0.95255244	0.19201651
0.9525368	0.14342844
0.9525088	0.14964749
0.95246845	0.15431201
0.95250255	0.08093109
0.9525614	0.050213113
0.9525459	0.13659634
0.9525304	0.15641597
0.95256424	0.08669829
0.95259804	0.089024484
0.9526195	0.063117936
0.9526531	0.10593885
0.9526376	0.1319664
0.95259756	0.11269903
0.9525576	0.16471504
0.9525545	0.14351578
0.95256364	0.085663445
0.95258486	0.075156204
0.9526183	0.11749732
0.9526273	0.089766
0.95257545	0.14095724
0.9526209	0.04026784
0.95259345	0.12509157
0.9525661	0.12852693
0.9525267	0.18772677
0.95252365	0.1286213
0.95253265	0.096968755
0.9525296	0.13943207
0.95249045	0.1867006
0.9525115	0.0731508
0.9525445	0.055542625
0.9525415	0.1529813
0.9525504	0.105340526
0.9525474	0.13280758
0.95256823	0.09300318
0.95256513	0.16156611
0.95253825	0.1491719
0.95255905	0.10968049
0.9524965	0.2234973
0.95251733	0.12659429
0.95246685	0.124933414
0.9524047	0.19597487
0.95243734	0.060052168
0.95239896	0.17277174
0.95241976	0.08601539
0.9523933	0.12415715
0.95242584	0.054173503
0.9524348	0.08698962
0.95244366	0.11897367
0.9524408	0.16047087
0.9524731	0.070578545
0.9524585	0.19962111
0.952479	0.10911455
0.9524528	0.15788005
0.9524849	0.07961948
0.952517	0.054546595
0.9525024	0.15168396
0.95252275	0.060414463
0.9525431	0.075943924
0.95254016	0.09542397
0.9525024	0.17318366
0.9525111	0.09617758
0.9524966	0.14265977
0.95248216	0.15562415
0.9524793	0.10057706
0.952511	0.06497853
0.95250815	0.12771894
0.9525053	0.15149592
0.9525483	0.052191906
0.9526028	0.027511366
0.95264566	0.061427526
0.95261973	0.20862593
0.9525824	0.17702553
0.9526023	0.078855455
0.9526222	0.09875978
0.952585	0.20432222
0.9525593	0.17443663
0.95259047	0.07158306
0.95257616	0.15622818
0.9525279	0.22188252
0.95254767	0.11722895
0.95259005	0.042477693
0.9525306	0.244956
0.9525052	0.115481704
0.95250237	0.09732511
0.9524657	0.21593606
0.9524517	0.1278697
0.9524377	0.103811845
0.95242375	0.1960712
0.9524322	0.11790871
0.9524183	0.14793779
0.9523596	0.19696093
0.95233464	0.17014351
0.9523209	0.10017027
0.9523071	0.14244817
0.9523157	0.110987894
0.95233536	0.07081854
0.952355	0.10157117
0.9523191	0.170608
0.9523165	0.08089027
0.95234716	0.08831987
0.9523446	0.10970316
0.9523641	0.09178346
0.95237255	0.12185324
0.95242506	0.046213202
0.95238936	0.18903112
0.9523537	0.20075744
0.9523401	0.1469138
0.95229363	0.25203186
0.95226914	0.14292298
0.95229954	0.037662458
0.95227516	0.13821062
0.95228356	0.11700896
0.95225924	0.10824541
0.9522677	0.15001437
0.9522543	0.15090138
0.952241	0.15052563
0.9522494	0.11508134
0.95224696	0.107120216
0.95225537	0.10808556
0.9522529	0.11747098
0.9522505	0.14474979
0.95222646	0.10495063
0.95217	0.20805408
0.9521569	0.17451078
0.9521761	0.04970063
0.95217377	0.08452824
0.9521822	0.10307306
0.95217985	0.1530815
0.95218825	0.15748996
0.9522073	0.0816922
0.952205	0.10705901
0.9521919	0.20446818
0.9521789	0.1549773
0.9521766	0.10791488
0.9521636	0.20596097
0.9521826	0.08471495
0.95218027	0.12592605
0.9521992	0.07739822
0.9522181	0.11844141
0.95223695	0.07354437
0.9522346	0.1304283
0.95222163	0.13590454
0.95224047	0.1170568
0.95224863	0.08829563
0.9522146	0.14781553
0.9522123	0.11232172
0.95224154	0.07094857
0.95222867	0.15573736
0.9522053	0.124093905
0.9522345	0.07155545
0.9522321	0.13641508
0.9522298	0.1636687
0.95219606	0.24464695
0.95221466	0.1203596
0.95223325	0.062401988
0.95224136	0.12742352
0.95220774	0.17225368
0.9522055	0.11301498
0.95220315	0.11950231
0.9521801	0.13623175
0.9521986	0.122054875
0.9521963	0.102313355
0.9522148	0.10366873
0.9522228	0.100965634
0.9522309	0.11433012
0.95222855	0.10385374
0.9522675	0.059065595
0.95221364	0.23515858
0.95219076	0.16415542
0.9522091	0.08384052
0.95220685	0.13360472
0.952184	0.15616436
0.9522023	0.08295765
0.95220006	0.119881175
0.95217735	0.16113299
0.9522058	0.08351629
0.9522035	0.12178318
0.95221144	0.12344089
0.95223975	0.063892975
0.952268	0.08081112
0.9522454	0.15257688
0.9522431	0.14290787
0.9521901	0.20424657
0.95217776	0.1739543
0.9521958	0.095880754
0.9522037	0.08657504
0.9522217	0.08488848
0.9522295	0.12159743
0.9522273	0.14941593
0.9522754	0.04470352
0.95227313	0.11422918
0.9522708	0.106151454
0.9522083	0.18665834
0.9522362	0.08702851
0.952254	0.1525023
0.9522117	0.21198851
0.95223945	0.06945243
0.95222723	0.16972715
0.952245	0.08554327
0.9522627	0.07859654
0.9522405	0.17547728
0.9522283	0.118220575
0.9522261	0.10892487
0.95221394	0.15511821
0.95224154	0.08543901
0.9522492	0.10319608
0.9522272	0.1198608
0.95225465	0.07287765
0.95223266	0.18855138
0.95224035	0.17630863
0.9522579	0.106200464
0.9522655	0.10731177
0.9522928	0.06921132
0.9523102	0.073211364
0.9523276	0.14290181
0.9523351	0.07578043
0.95231324	0.18211809
0.95235014	0.059185572
0.9523479	0.13834888
0.9522869	0.1447886
0.95231396	0.07183213
0.9523117	0.119795755
0.9523094	0.127682
0.95228773	0.15512423
0.95230496	0.11115298
0.952293	0.12286262
0.9523102	0.065109126
0.95230794	0.15857905
0.9523154	0.09216394
0.9523132	0.19916315
0.9523303	0.06978784
0.9523184	0.10665527
0.95232576	0.12596759
0.95233315	0.12143122
0.9523213	0.15979952
0.952319	0.1809073
0.9523168	0.13731197
0.95230496	0.15047726
0.95230275	0.12632655
0.95232934	0.064824
0.95234627	0.082730316
0.95232487	0.12958413
0.9523322	0.097977266
0.95233953	0.094593465
0.9523564	0.10601492
0.95233506	0.12793113
0.9523519	0.08258677
0.9523592	0.06630303
0.95234746	0.12222841
0.9523642	0.10120802
0.9523715	0.13658907
0.9523692	0.14209749
0.95240486	0.046813775
0.95243096	0.07997212
0.95240974	0.1435134
0.95241696	0.12933181
0.9523863	0.14614654
0.95237464	0.14048061
0.9523536	0.16489398
0.9523702	0.06754872
0.9523868	0.105284885
0.9523751	0.1257833
0.95238227	0.09639838
0.95241755	0.06392109
0.95237786	0.19157095
0.9523475	0.16393176
0.95238274	0.06101387
0.9523805	0.11855113
0.9523503	0.19472523
0.9523481	0.09265709
0.95238316	0.06920398
0.95238096	0.11482511
0.95236945	0.11488022
0.9523951	0.069429904
0.9523836	0.11565269
0.9523814	0.13911831
0.9523977	0.08581632
0.95237696	0.16855228
0.95240253	0.06812438
0.9524188	0.08091551
0.95244426	0.0587319
0.9524512	0.116274826
0.95247656	0.20007935
0.9524651	0.14197631
0.95243526	0.2095719
0.9524606	0.074661165
0.9524583	0.10680814
0.95246524	0.13578482
0.9524538	0.1917817
0.9524424	0.116779625
0.95245844	0.1195523
0.95243794	0.16079694
0.95243573	0.14043045
0.95247906	0.07442729
0.95246774	0.110751465
0.9524382	0.21214105
0.95244503	0.1092159
0.9524519	0.08208357
0.9524769	0.056525156
0.95247465	0.10208735
0.9524634	0.122363895
0.95247924	0.101524755
0.95250416	0.05623846
0.952538	0.096144125
0.9525538	0.073878095
0.9525425	0.16339508
0.95251316	0.1810511
0.9525469	0.067956895
0.9525716	0.075031936
0.9525333	0.16695283
0.95249516	0.18971512
0.9524929	0.14010535
0.9525265	0.06612487
0.95249736	0.19596586
0.9525041	0.109386556
0.95245713	0.17683914
0.952455	0.14071395
0.9524528	0.10375357
0.9524595	0.08709223
0.9524573	0.11812783
0.95243734	0.10120075
0.95242625	0.17130357
0.95245963	0.057608932
0.9524575	0.12825027
0.9524553	0.11277676
0.95247084	0.073382
0.95245093	0.14130868
0.95240456	0.21919052
0.95243776	0.08782817
0.95244443	0.15152378
0.9524423	0.11811658
0.9523873	0.19373089
0.9524116	0.083649985
0.95239186	0.16178156
0.95239854	0.11242155
0.9523613	0.23224945
0.9523592	0.099792585
0.9523747	0.06878639
0.9523814	0.11942716
0.9523443	0.20852089
0.9523422	0.14285758
0.95231396	0.13203667
0.9523294	0.11550862
0.9523099	0.17035605
0.95230794	0.10794844
0.9523233	0.07541551
0.9523126	0.12042406
0.95232797	0.0901979
0.95233464	0.09120026
0.95234996	0.07411935
0.9523653	0.09759811
0.9523719	0.10405487
0.9523698	0.09431829
0.9523505	0.19325963
0.9523571	0.09799493
0.95234644	0.16003941
0.95236164	0.0869925
0.9523596	0.11917826
0.9523576	0.13244659
0.95236415	0.07795352
0.9523621	0.14832912
0.95238584	0.072547615
0.95236665	0.12781529
0.9523818	0.09654739
0.9523797	0.13772345
0.95240337	0.09531587
0.9524184	0.09600652
0.95241636	0.112223715
0.95240575	0.12636265
0.9523781	0.10840883
0.95237607	0.10168417
0.95238256	0.10548867
0.9523976	0.10418376
0.95242953	0.06509483
0.95246994	0.028547877
0.9524509	0.1406145
0.95245725	0.12258983
0.9524721	0.076144196
0.95247847	0.07943837
0.9524933	0.085786216
0.95251656	0.054187503
0.9525229	0.067777656
0.9525376	0.07226638
0.95253545	0.11462996
0.9525586	0.0697481
0.95251435	0.15007828
0.95247865	0.16459294
0.95246816	0.12953459
0.9524661	0.13939762
0.95244724	0.1344759
0.95246196	0.110714935
0.9524515	0.13433163
0.95247453	0.08184093
0.9525143	0.06265137
0.95253724	0.07208312
0.9525518	0.0841883
0.952558	0.09092951
0.95253086	0.17030378
0.9525371	0.12143112
0.9525267	0.17326619
0.9525412	0.08751729
0.952564	0.064405605
0.95259506	0.055915583
0.9526012	0.112786464
0.95259076	0.16010788
0.9526134	0.061346922
0.95261955	0.086901285
0.95263386	0.092129424
0.9526482	0.09349916
0.9526378	0.10559594
0.9526439	0.12446216
0.9526252	0.17174174
0.95261484	0.12865643
0.95262086	0.078065135
0.95263517	0.121866815
0.952633	0.10452091
0.95262265	0.15424742
0.9526041	0.18050684
0.9525856	0.11883849
0.9525753	0.18650524
0.9525487	0.13353334
0.95255476	0.11429818
0.95256084	0.08711826
0.9525832	0.065893434
0.9525974	0.07921229
0.95257086	0.23066546
0.9525932	0.053112086
0.95258296	0.17059992
0.9525971	0.08225998
0.9526355	0.04088075
0.95265776	0.065036945
0.95265555	0.1697667
0.9526777	0.055706814
0.9526755	0.14631814
0.95264107	0.15625142
0.9526228	0.15108374
0.95262873	0.08352611
0.9526105	0.14886124
0.95260036	0.13288908
0.9526224	0.056701466
0.95263636	0.08005837
0.9526262	0.10070635
0.9526321	0.0931187
0.95263004	0.12595049
0.9526199	0.14309803
0.9526258	0.0609826
0.9526397	0.09495978
0.9526296	0.12809463
0.95264345	0.089537084
0.95264935	0.10755603
0.95267916	0.051470898
0.9526929	0.08288904
0.95268285	0.16843326
0.95265687	0.15758863
0.9526468	0.16338478
0.95265263	0.09680607
0.95264256	0.13439836
0.9526484	0.13119754
0.952678	0.07659973
0.95269173	0.11845357
0.9526975	0.08822976
0.9527112	0.06096288
0.9527249	0.06937205
0.9527385	0.10078937
0.9527521	0.07429221
0.9527657	0.06705445
0.95275563	0.12662232
0.9527535	0.10740654
0.95275134	0.13445175
0.9527413	0.10190939
0.952747	0.08369527
0.95272917	0.10037166
0.9527427	0.075489745
0.95274836	0.12652336
0.9527541	0.0564621
0.95274407	0.11737255
0.9527419	0.13353945
0.9527554	0.081606045
0.95276886	0.09199613
0.9527199	0.20308782
0.9527178	0.13366383
0.95270014	0.17415455
0.95269805	0.1554751
0.95268816	0.12637815
0.9526861	0.13645515
0.9527073	0.060441166
0.95268965	0.15627974
0.9526953	0.09698446
0.95271647	0.067091815
0.95270663	0.15030795
0.95271224	0.09411628
0.9527256	0.07248919
0.9527467	0.061487217
0.9527291	0.1521783
0.952727	0.12877509
0.95275575	0.04159813
0.9527767	0.059111238
0.95276684	0.18698625
0.9527801	0.097436726
0.9527549	0.17961435
0.9527605	0.07549933
0.95275074	0.13327152
0.9527716	0.1405085
0.9527924	0.061273646
0.9528132	0.07017388
0.95281106	0.12762712
0.9528089	0.15348582
0.95282966	0.08714744
0.9528504	0.0719681
0.9528558	0.10382841
0.95288414	0.052731805
0.9528743	0.15474756
0.95288736	0.0909201
0.9528927	0.102980986
0.9528678	0.24835625
0.9528808	0.09873407
0.95289373	0.089536354
0.95288396	0.14696687
0.9528894	0.106204055
0.9528796	0.105849594
0.95289254	0.07691041
0.95287526	0.13536589
0.9528731	0.19469827
0.9528559	0.14315453
0.95284617	0.18680078
0.9528741	0.0629008
0.952872	0.12892862
0.95289236	0.07602233
0.95290524	0.072156996
0.95291054	0.079983294
0.9529384	0.03760917
0.95295113	0.09615945
0.9529489	0.1675582
0.9529617	0.09018591
0.9529894	0.058924552
0.95300955	0.04967232
0.95302224	0.12766023
0.9530125	0.08718893
0.95302516	0.09166751
0.9530155	0.11243501
0.95301324	0.22076029
0.9530184	0.09054825
0.95303106	0.0667885
0.9530214	0.11583656
0.9530414	0.07882205
0.95304656	0.09678326
0.9530517	0.12282327
0.95302725	0.19530192
0.953025	0.09299507
0.95303017	0.097529896
0.9530427	0.07234677
0.9530331	0.123784885
0.9530382	0.10094612
0.9530286	0.14338595
0.95301163	0.17997664
0.9530315	0.077963255
0.9530293	0.13963468
0.953005	0.15344703
0.9530395	0.04737766
0.95302993	0.13189918
0.9530497	0.08538296
0.95304745	0.19045013
0.9530599	0.063282415
0.953065	0.11762759
0.9530774	0.11956352
0.95309705	0.054690465
0.9530948	0.16959776
0.9530852	0.14945367
0.9530684	0.14064941
0.9530807	0.14712617
0.9530858	0.102617934
0.9530908	0.0985365
0.9530885	0.117355414
0.9531081	0.08396044
0.9531276	0.07722518
0.9531108	0.14079545
0.9531158	0.109395884
0.9531208	0.11507065
0.9531258	0.0923042
0.9531163	0.16802038
0.9531285	0.06332858
0.9531479	0.07061306
0.95315284	0.09126782
0.9531217	0.14824899
0.9531339	0.084579326
0.9531316	0.10325141
0.9531078	0.17225781
0.95309836	0.13401687
0.95309615	0.09169755
0.9531226	0.073895186
0.95312756	0.16004387
0.953154	0.042253897
0.95315176	0.16941479
0.9531352	0.1943544
0.9531329	0.12706879
0.95312357	0.10181944
0.9531213	0.10453859
0.9531405	0.08409879
0.9531454	0.10156931
0.9531503	0.1077764
0.9531338	0.17023715
0.95313156	0.18238443
0.9531151	0.13114949
0.95312	0.073103815
0.9531178	0.08814991
0.95312977	0.09186066
0.95314175	0.074609056
0.95313245	0.0959523
0.9531373	0.07519315
0.9531563	0.06623435
0.95313287	0.15894346
0.95312357	0.14302914
0.9531143	0.16419889
0.9531262	0.0770626
0.9531381	0.13122801
0.9531289	0.11638286
0.95312667	0.13698146
0.95313853	0.119509466
0.95312226	0.17874661
0.95312005	0.11365323
0.95308274	0.20899355
0.9530946	0.1001538
0.9530714	0.16652694
0.95307624	0.09731963
0.95309514	0.08414445
0.95309293	0.1336526
0.9530768	0.16989397
0.9530467	0.11319587
0.95301664	0.154598
0.9530145	0.13486153
0.95299846	0.18246594
0.9529824	0.1320846
0.95300126	0.06588338
0.95300615	0.15139194
0.9530249	0.03168522
0.95304364	0.059979945
0.9530137	0.20857696
0.95297694	0.15411668
0.95298874	0.16052383
0.95297974	0.0980319
0.95299155	0.09069033
0.95298946	0.13684653
0.95298046	0.18942004
0.95298535	0.08299782
0.9529971	0.08643634
0.95300883	0.09912933
0.95299983	0.1771037
0.9530185	0.10477932
0.9529957	0.19237989
0.95295924	0.23968916
0.952971	0.079101436
0.95296204	0.23199505
0.95296687	0.0929714
0.95297855	0.08223384
0.9529834	0.07650918
0.9529882	0.1303201
0.9529656	0.2213544
0.95295674	0.13469094
0.95296156	0.085739076
0.9529527	0.16126876
0.95297116	0.075636104
0.9529623	0.11495495
0.9529671	0.12189729
0.95295143	0.13309519
0.95296305	0.06556252
0.952961	0.108968265
0.9529454	0.1191928
0.9529706	0.059227385
0.9529686	0.09687192
0.9529462	0.18613607
0.9529578	0.078246854
0.9529558	0.0962996
0.9529402	0.15061098
0.9529382	0.10684469
0.952943	0.13940026
0.95293427	0.12557355
0.95294577	0.082488716
0.9529438	0.098594286
0.95296884	0.03426142
0.95295334	0.14673784
0.95295805	0.13273577
0.9529628	0.078271054
0.95298773	0.052337054
0.9529723	0.18847965
0.95297027	0.09577747
0.9529683	0.09437644
0.9529663	0.10003211
0.952971	0.1368049
0.9529355	0.21818459
0.9529402	0.07707392
0.95294493	0.09666848
0.9529497	0.08931617
0.9529544	0.11677136
0.9529591	0.111462116
0.9529638	0.09747034
0.9529818	0.07103222
0.95298654	0.17511939
0.9529912	0.07057598
0.9529892	0.17782094
0.9530205	0.034728978
0.9530318	0.083559506
0.95302975	0.14963555
0.9530344	0.10151019
0.95301247	0.13026097
0.9530105	0.1223071
0.9530085	0.13947812
0.953033	0.060133833
0.9530376	0.11428656
0.95305544	0.07077134
0.9530468	0.16430843
0.95307124	0.03618551
0.953089	0.06581606
0.95308036	0.12591699
0.95308495	0.1115532
0.9530961	0.09555527
0.9531006	0.08696447
0.953092	0.12198257
0.9530965	0.08227106
0.95308137	0.15388621
0.95303994	0.26300538
0.95303136	0.19312131
0.9530097	0.19795541
0.9530208	0.13783836
0.9530123	0.1492472
0.95298415	0.30922002
0.9529953	0.07208304
0.9530064	0.0835936
0.953011	0.10013995
0.95302206	0.111924216
0.9530201	0.14320114
0.9530181	0.15568896
0.95302266	0.123926535
0.95304024	0.081717424
0.9530383	0.114555925
0.95302975	0.19639446
0.9530148	0.14181185
0.9530193	0.10894086
0.9530239	0.10591734
0.9530284	0.13303562
0.95302	0.11683759
0.9530245	0.0942017
0.9530031	0.15495758
0.95300764	0.14603232
0.95301217	0.16570957
0.95300376	0.13437624
0.9530018	0.12705366
0.9530063	0.16077133
0.9529979	0.12753321
0.9529896	0.1649552
0.95301986	0.04031514
0.9529986	0.1131697
0.9529967	0.14484546
0.953014	0.082883745
0.95298636	0.1987743
0.95301014	0.051582646
0.9530146	0.13633984
0.952987	0.14293498
0.9529851	0.10123355
0.9529768	0.105964735
0.9529685	0.11750328
0.95296663	0.123085134
0.9529839	0.086596325
0.9529692	0.14629509
0.9529865	0.07065192
0.9530037	0.06333079
0.95302093	0.08424384
0.95302534	0.11991396
0.9530043	0.13286622
0.9530215	0.06593809
0.95301324	0.16679381
0.95299226	0.23679636
0.9529967	0.06978082
0.95300114	0.07220722
0.95300555	0.11646473
0.9529783	0.15620679
0.9529701	0.10674879
0.95295554	0.14316063
0.95296633	0.092670314
0.9529708	0.078305915
0.95298785	0.061289426
0.952986	0.15601493
0.95299673	0.0863497
0.9530137	0.10649637
0.95302445	0.10696041
0.95302886	0.12967528
0.95300806	0.13014744
0.9529999	0.10665604
0.95300424	0.119157076
0.95301497	0.10421088
0.9530005	0.15510152
0.95301116	0.07049174
0.953003	0.17387313
0.95300114	0.08751417
0.9530055	0.07369155
0.95298487	0.14843309
0.9529892	0.10768278
0.9529874	0.11174059
0.9529917	0.08378241
0.9529899	0.19227146
0.9530192	0.031256266
0.9530111	0.14962469
0.9530092	0.1630314
0.95300114	0.1152145
0.9530055	0.17961897
0.95300984	0.118178256
0.9529831	0.1886546
0.9529564	0.30952844
0.952967	0.13336748
0.95295894	0.17177434
0.9529385	0.27257863
0.95293045	0.12700209
0.95293486	0.11039782
0.952933	0.12334509
0.95294356	0.09084034
0.9529603	0.073732585
0.952977	0.07938674
0.9529875	0.08560361
0.95296097	0.17972653
0.9529653	0.084990434
0.9529758	0.13935308
0.95298016	0.10408082
0.9529722	0.13303967
0.9529642	0.13384998
0.95296234	0.12537438
0.9529667	0.113257736
0.9529833	0.08370543
0.95297533	0.1874816
0.9529735	0.12127413
0.9529839	0.08861747
0.9529882	0.1087855
0.95297414	0.15081458
0.95297235	0.11853834
0.9529827	0.08840026
0.9529748	0.12028299
0.95296687	0.10167387
0.952959	0.17207952
0.95295715	0.10407246
0.9529676	0.11236842
0.95295966	0.13833606
0.95297	0.08550599
0.9529804	0.08729023
0.9529786	0.14617059
0.95297676	0.10961208
0.9530053	0.047472548
0.9529792	0.19244471
0.9529653	0.14030606
0.95297563	0.11997382
0.95298594	0.09630097
0.9529781	0.11371582
0.952946	0.16081333
0.9529563	0.06531302
0.95297265	0.1029983
0.95297694	0.11318228
0.9529812	0.092579804
0.9529854	0.07436101
0.95297754	0.12509039
0.95298177	0.11331792
0.952992	0.073309764
0.95299625	0.103607856
0.9530125	0.059436813
0.95298666	0.22422956
0.9529909	0.11812036
0.9530071	0.06962934
0.9530113	0.08281853
0.95302147	0.07882926
0.95301366	0.13908237
0.95300585	0.17288789
0.9529981	0.13337658
0.9530202	0.05732789
0.9530244	0.120742634
0.9530166	0.14001434
0.95303273	0.06334064
0.9530309	0.116564095
0.9530291	0.12117973
0.95302135	0.16470234
0.9530314	0.08330322
0.9530118	0.16703312
0.95303977	0.040749613
0.9530379	0.13326082
0.95302427	0.1297219
0.9530284	0.071802706
0.9530266	0.11761976
0.9530307	0.099333584
0.95301706	0.17675708
0.9530212	0.087755226
0.95303124	0.09817851
0.9530413	0.079532936
0.9530454	0.12558305
0.95306134	0.055235077
0.95307136	0.08913439
0.95306957	0.14458668
0.9530795	0.084497176
0.95307183	0.1335815
0.95306414	0.13472733
0.95308	0.065797724
0.95308995	0.070592314
0.9530881	0.08627831
0.95310986	0.046540774
0.9531021	0.12533377
0.9530827	0.14810969
0.953075	0.16839969
0.9530732	0.13701487
0.95308316	0.07261253
0.9530696	0.14126463
0.9530737	0.10852237
0.95309526	0.04351956
0.9530525	0.19657436
0.95305073	0.115346886
0.9530606	0.09266677
0.9530705	0.098211594
0.9530746	0.09303311
0.9530611	0.20021842
0.9530593	0.14477843
0.95307505	0.06403008
0.9530849	0.09610424
0.9530947	0.082376786
0.95310456	0.0835726
0.9530853	0.15105063
0.9530835	0.15957034
0.95309335	0.10177186
0.95309734	0.11659093
0.95311296	0.06527643
0.95310533	0.12871765
0.95311517	0.07285468
0.9531133	0.08326747
0.9531173	0.115506
0.95310396	0.15359181
0.95310795	0.114428714
0.9531119	0.104377404
0.95312166	0.0825543
0.95312566	0.07779324
0.9531238	0.09809444
0.95311624	0.11659587
0.95313174	0.12035683
0.95315874	0.03843639
0.95313966	0.1334333
0.9531378	0.09760094
0.95314753	0.06442369
0.9531572	0.085325375
0.9531726	0.09199522
0.9531708	0.12252207
0.95318615	0.07708598
0.9531958	0.076686025
0.9531825	0.16630195
0.95318073	0.14173464
0.9531903	0.08566444
0.9531999	0.111839496
0.9531867	0.1404742
0.95318484	0.134585
0.9531716	0.14229697
0.9531812	0.100162685
0.9531908	0.16851383
0.95320606	0.059033968
0.9532213	0.07574325
0.9532195	0.14118037
0.9532177	0.16704793
0.95321584	0.15882671
0.9532083	0.1599828
0.9532122	0.0893116
0.953216	0.13300727
0.9532029	0.14666542
0.9531671	0.26761413
0.9531766	0.097406805
0.9531635	0.11317831
0.95317864	0.08398063
0.9531825	0.084995754
0.95315814	0.26386416
0.953145	0.18168274
0.9531489	0.078125075
0.9531528	0.1107269
0.95316225	0.094619
0.95316046	0.12811345
0.95316994	0.07403717
0.9531794	0.071791336
0.9531833	0.07727273
0.95317584	0.1359538
0.9532022	0.050248805
0.953206	0.15728608
0.9531986	0.13329934
0.95319116	0.133062
0.953195	0.0817039
0.9531876	0.16965108
0.9531858	0.10333299
0.95317847	0.112009674
0.953199	0.042799525
0.95319164	0.13421364
0.9531787	0.1823345
0.9531825	0.122064866
0.9531751	0.14579917
0.95318455	0.083685614
0.9531939	0.090539694
0.9531754	0.15813766
0.95317924	0.09747366
0.953183	0.09833706
0.95317566	0.12557365
0.9531795	0.09449898
0.9531777	0.110774
0.9531815	0.09849001
0.9531631	0.12703341
0.9531724	0.09362678
0.9531596	0.14343351
0.95315784	0.113648266
0.9531505	0.13567898
0.95314324	0.13139208
0.9531526	0.06915179
0.95317847	0.03305377
0.95317674	0.11226818
0.9531805	0.12325298
0.9531677	0.18676105
0.9531825	0.13851027
0.9531697	0.11994821
0.95317346	0.09635182
0.9531607	0.16060269
0.953137	0.20556219
0.9531297	0.14381175
0.953117	0.17412071
0.95312077	0.11181485
0.9531246	0.10202867
0.9531119	0.14951839
0.9531211	0.08950556
0.95312494	0.16357131
0.9531232	0.09292658
0.95313793	0.093642235
0.9531417	0.09637506
0.95312357	0.18165526
0.95311636	0.117993586
0.9531365	0.06486026
0.95312935	0.16462538
0.9531495	0.057413828
0.9531587	0.10480599
0.95315695	0.12435497
0.9531552	0.12800041
0.95312625	0.22112997
0.9531246	0.11787639
0.95312834	0.113827795
0.9531266	0.087528124
0.9531358	0.07296817
0.9531558	0.05545133
0.9531595	0.1108216
0.95315784	0.12310533
0.95316154	0.08627714
0.9531598	0.08757867
0.9531689	0.06767104
0.9531726	0.0821425
0.95316553	0.12678635
0.9531692	0.11837402
0.9531783	0.07024727
0.953182	0.09545292
0.9531911	0.0956896
0.9532055	0.103298075
0.95319843	0.1284622
0.95320207	0.11738078
0.9531842	0.1333744
0.9531771	0.13937987
0.9531808	0.17446363
0.95317906	0.123832665
0.9531827	0.122654565
0.953181	0.1527659
0.95318466	0.09538378
0.95318836	0.12638369
0.9532027	0.080559805
0.9532117	0.07371323
0.95321536	0.08748951
0.9532351	0.054642968
0.9532494	0.053414986
0.95326906	0.049386688
0.953278	0.07299474
0.9532923	0.054154325
0.95330125	0.10178993
0.95329946	0.22715078
0.95329773	0.1398145
0.953312	0.06185336
0.95332617	0.078670874
0.95333505	0.08789165
0.9533493	0.08711943
0.9533422	0.1465903
0.9533617	0.044319607
0.9533599	0.12313185
0.9533634	0.120407276
0.95337754	0.07893049
0.9533917	0.055171903
0.9533952	0.13575055
0.953404	0.10199353
0.95341814	0.052636318
0.9534269	0.09587353
0.95342505	0.13154043
0.95342857	0.13163753
0.9534267	0.12021603
0.9534408	0.053910874
0.9534337	0.09174716
0.953453	0.07361164
0.95343536	0.18436587
0.95344406	0.13867973
0.953437	0.1421774
0.9534563	0.059393145
0.9534492	0.19128722
0.9534421	0.10999626
0.95344555	0.10531809
0.9534437	0.11317809
0.9534367	0.11548877
0.9534611	0.038677286
0.9534593	0.18172245
0.95346797	0.058964998
0.9534819	0.061406646
0.9534853	0.115885064
0.95350444	0.050729476
0.95350784	0.11298439
0.9535217	0.07064359
0.95353556	0.05919527
0.95353895	0.096034735
0.95354754	0.0539911
0.9535666	0.052068125
0.9535752	0.12013069
0.95358896	0.062485684
0.953561	0.20460252
0.9535748	0.04992204
0.9535782	0.08556428
0.9535867	0.09502776
0.95360047	0.044872947
0.953609	0.10191471
0.9536227	0.09786334
0.953626	0.10808131
0.9536293	0.076444276
0.9536326	0.06161624
0.9536411	0.06421668
0.95365477	0.052440133
0.95364773	0.16235465
0.9536458	0.1357947
0.9536491	0.0901681
0.9536369	0.16366188
0.95362467	0.14731558
0.95359695	0.20309864
0.95356923	0.2237281
0.9535674	0.1601901
0.95356554	0.11869216
0.95355856	0.14132066
0.95355153	0.11585914
0.95354456	0.16071665
0.95356333	0.04055764
0.9535667	0.091979496
0.9535546	0.18240254
0.9535476	0.117791384
0.95354575	0.11062956
0.95356447	0.07052818
0.9535678	0.1104004
0.9535557	0.16967121
0.953559	0.11797829
0.9535623	0.106216885
0.9535605	0.10977207
0.953574	0.040280484
0.9535671	0.11683221
0.95356524	0.15008508
0.9535583	0.14874719
0.9535616	0.10829816
0.95357	0.08732673
0.95357835	0.093233794
0.95357656	0.11540465
0.9535492	0.18924627
0.9535576	0.061084703
0.9535609	0.08333856
0.9535489	0.19484146
0.9535369	0.1580982
0.95352495	0.17948498
0.9535028	0.20494176
0.95350105	0.14560704
0.9535043	0.11475621
0.95351267	0.068981886
0.953516	0.08113098
0.95352435	0.12225165
0.9535175	0.11365478
0.9535208	0.08654826
0.9535291	0.08954597
0.95354253	0.081728786
0.9535357	0.15724851
0.95353895	0.069409996
0.95354724	0.09496035
0.95354545	0.095437005
0.9535538	0.08150489
0.953552	0.113267176
0.95354515	0.09036372
0.95354337	0.1526525
0.9535315	0.113374576
0.9535348	0.089125134
0.953533	0.10080641
0.9535161	0.14804405
0.9535294	0.058769245
0.9535377	0.093043804
0.9535409	0.081703186
0.9535291	0.11605307
0.9535223	0.16951358
0.9535356	0.061527673
0.9535338	0.11723763
0.9535371	0.088638775
0.9535353	0.1543308
0.9535235	0.14876032
0.9535368	0.0683555
0.95354	0.16821717
0.95353323	0.18348122
0.95354146	0.08711386
0.9535397	0.22722669
0.95353794	0.17215699
0.95354617	0.08089456
0.95355433	0.08883844
0.95355755	0.085999586
0.9535458	0.14945005
0.953549	0.096013784
0.95353734	0.1530964
0.95353556	0.10086898
0.9535537	0.05182924
0.9535569	0.079126194
0.95356506	0.06550269
0.9535434	0.20364016
0.95353174	0.16597313
0.95352507	0.094398715
0.95350844	0.1382114
0.95350176	0.16703264
0.953505	0.09544438
0.95349824	0.13111654
0.95349157	0.14708416
0.9535047	0.058686066
0.95351285	0.09112272
0.95351607	0.12864825
0.95349455	0.17476748
0.95348793	0.15155713
0.9534862	0.11449931
0.9534943	0.06788401
0.95349264	0.10812212
0.95350075	0.07911625
0.953499	0.124148406
0.9534924	0.1406143
0.9534759	0.15470392
0.953484	0.09097926
0.9534725	0.11932689
0.95347077	0.15938854
0.953474	0.128792
0.9534772	0.1127628
0.95348036	0.12938005
0.95346886	0.1477626
0.9534574	0.18016827
0.953441	0.16345516
0.953454	0.045901924
0.9534474	0.16386442
0.9534604	0.07308298
0.95345384	0.09259308
0.9534424	0.15251742
0.9534602	0.051527537
0.95345855	0.1112711
0.953452	0.15811081
0.9534649	0.05400144
0.9534827	0.05647268
0.9534664	0.16167231
0.9534793	0.060250316
0.95347273	0.16810146
0.9534808	0.066071674
0.95348394	0.11317904
0.9534823	0.13008024
0.95349514	0.059676126
0.953508	0.09432683
0.9535063	0.12681946
0.95351917	0.07837783
0.95352226	0.13360676
0.95353514	0.05936511
0.95353824	0.12556341
0.95352685	0.11074953
0.95353484	0.074145705
0.95354277	0.10100817
0.95352656	0.14258018
0.9535442	0.07059309
0.95355695	0.0817604
0.9535697	0.053862743
0.95357764	0.058204055
0.9535711	0.18091522
0.95356935	0.11008601
0.9535677	0.1400521
0.9535708	0.09599502
0.9535642	0.13494773
0.9535673	0.081648
0.9535608	0.13685256
0.9535783	0.08036753
0.95357656	0.106384136
0.9535605	0.14983612
0.9535636	0.085962184
0.95356184	0.11062439
0.9535697	0.09568633
0.95356804	0.12378615
0.9535807	0.05276748
0.9535694	0.18011338
0.9535773	0.13549006
0.95356596	0.14718348
0.9535643	0.11257472
0.95356256	0.14049508
0.9535561	0.13127965
0.9535544	0.1486978
0.953567	0.052664224
0.9535796	0.08881049
0.9535875	0.0711448
0.9535905	0.07447705
0.9535888	0.10969078
0.9535966	0.075257085
0.9536044	0.12220025
0.9535932	0.10891137
0.95359623	0.119153865
0.95360875	0.04289962
0.95361656	0.10027484
0.95361006	0.13236119
0.9536226	0.09173042
0.9536351	0.07538605
0.95363814	0.14332871
0.95362693	0.1712036
0.9536157	0.14078781
0.9536046	0.1524164
0.95358866	0.18258753
0.9535917	0.09827583
0.95360416	0.08107931
0.9536166	0.07788775
0.9536055	0.21898618
0.9535802	0.21396194
0.95359266	0.0647926
0.9535816	0.14010262
0.95357513	0.12227854
0.95357347	0.08768224
0.9535765	0.11445635
0.9535513	0.20848751
0.95355904	0.099808216
0.95355266	0.1584995
0.95356035	0.16359398
0.9535493	0.1619506
0.953557	0.07555622
0.9535694	0.053979486
0.9535584	0.17583676
0.9535614	0.13900796
0.9535785	0.043771826
0.95359087	0.05894332
0.95359385	0.11679857
0.9535875	0.10674457
0.95357645	0.17942408
0.9535888	0.06896328
0.95357776	0.12654993
0.95358545	0.06826375
0.9535791	0.123467036
0.9535681	0.14266878
0.9535758	0.07202129
0.95357877	0.09977564
0.95359105	0.08676546
0.9535894	0.1131199
0.9535691	0.22817616
0.95356745	0.16444309
0.9535658	0.13092436
0.95357347	0.08827128
0.95359033	0.056496672
0.95360726	0.07130113
0.95357776	0.17992026
0.95358074	0.085800506
0.9535837	0.13035595
0.95358205	0.16534664
0.9535896	0.09399395
0.95358336	0.13657783
0.9535817	0.10380209
0.95358	0.13285905
0.95357835	0.123157054
0.9535906	0.05533021
0.9535751	0.15810393
0.9535873	0.06541495
0.95358104	0.117696874
0.95357937	0.10067606
0.95358694	0.09069609
0.953576	0.15517911
0.9535606	0.14619294
0.95357275	0.07643827
0.9535849	0.09910421
0.9535695	0.16234346
0.95355403	0.13215722
0.953557	0.1257042
0.95355535	0.12884036
0.9535675	0.08428008
0.9535613	0.11868539
0.9535688	0.09602619
0.9535626	0.18596593
0.9535518	0.17135654
0.95353645	0.15836304
0.95353025	0.10917169
0.95352405	0.106064156
0.95353156	0.0671685
0.95353913	0.07172638
0.95353293	0.15948994
0.95354044	0.06928164
0.95353425	0.12747826
0.9535235	0.1209494
0.9535219	0.123887375
0.9535157	0.13482794
0.9535233	0.07475465
0.9535262	0.13738455
0.9535292	0.1360825
0.95354575	0.0621571
0.95354867	0.09072685
0.9535607	0.075403616
0.9535318	0.19817024
0.9535166	0.14990902
0.95350593	0.17572996
0.9535134	0.115050405
0.9535118	0.12704411
0.9535193	0.058915988
0.95351315	0.15657577
0.953507	0.115152664
0.9535145	0.07470464
0.95352197	0.112264015
0.9535249	0.08406636
0.9535278	0.127716
0.95353526	0.10320786
0.95354724	0.06758985
0.9535411	0.12554148
0.95354855	0.14260523
0.953565	0.064560205
0.9535634	0.1191009
0.9535663	0.13089326
0.95354664	0.19151321
0.95354503	0.09624195
0.95354795	0.08075615
0.9535599	0.0540867
0.95356727	0.093371674
0.9535791	0.08113474
0.95359105	0.05387083
0.9535984	0.08554451
0.95361024	0.039673913
0.95361763	0.097685575
0.953616	0.12042603
0.9536189	0.08056947
0.9536083	0.16933027
0.95359766	0.14644736
0.95360506	0.09105944
0.9536124	0.1876894
0.95361525	0.118960425
0.95361364	0.14583112
0.9536031	0.2125638
0.9536193	0.06604733
0.9536177	0.15849687
0.953625	0.10989898
0.95363235	0.067163005
0.95363516	0.10002708
0.95362467	0.1903191
0.95362747	0.07604883
0.9536303	0.11640141
0.9536376	0.12509733
0.953636	0.14045052
0.95364326	0.0718724
0.9536594	0.040527143
0.9536667	0.12263224
0.9536695	0.09178546
0.95367676	0.07213994
0.95368844	0.055463877
0.9537001	0.088895105
0.9537029	0.15241665
0.95370126	0.13574642
0.9537085	0.08663463
0.9537113	0.110215776
0.9537052	0.10957016
0.9536992	0.11738102
0.9536975	0.096629515
0.9537003	0.07037287
0.9537075	0.12247331
0.95370144	0.14982897
0.95370865	0.06854434
0.9537026	0.12577018
0.9537054	0.09380733
0.95370376	0.112812445
0.9537109	0.0726329
0.9537137	0.10371698
0.95371646	0.13488522
0.9537236	0.093127206
0.9537264	0.117974356
0.95373356	0.102497235
0.95372313	0.157507
0.95373905	0.05620177
0.9537506	0.09057847
0.95375335	0.1719086
0.95374733	0.13268022
0.9537501	0.12654944
0.9537616	0.06749144
0.95377743	0.052957144
0.95377576	0.105590895
0.95378727	0.08142501
0.95379	0.12109729
0.9537752	0.17556567
0.9537867	0.051102236
0.95379376	0.1586875
0.9538052	0.07682411
0.95380354	0.2067999
0.9538063	0.09360786
0.9538046	0.10777922
0.9537986	0.1587075
0.95381	0.048937693
0.95380396	0.16371994
0.953798	0.13749439
0.9538007	0.08323131
0.95380336	0.09794977
0.9538191	0.065367036
0.9538261	0.077736765
0.9538288	0.10485281
0.95382714	0.11178619
0.9538385	0.055902544
0.9538325	0.16644928
0.95383084	0.09681266
0.9538379	0.13449071
0.95384055	0.073709205
0.95384324	0.10189325
0.95385456	0.06351116
0.95386153	0.099221
0.95385987	0.117080115
0.9538582	0.101301804
0.95383924	0.1557798
0.95382893	0.11859839
0.9538316	0.10045212
0.95383424	0.08498192
0.953824	0.14762312
0.9538223	0.09855737
0.9538293	0.084894255
0.95383626	0.07597459
0.9538475	0.10101405
0.95386314	0.037922923
0.95384854	0.21829137
0.9538469	0.08493176
0.9538409	0.13622966
0.95382637	0.1445244
0.95382476	0.105972216
0.9538188	0.09548445
0.95381284	0.13709967
0.9538198	0.11733341
0.95382243	0.12089652
0.953838	0.039102048
0.95382774	0.17218018
0.9538304	0.09448374
0.95383734	0.113862984
0.95385283	0.04184987
0.953864	0.07950014
0.9538709	0.10864672
0.9538692	0.12295525
0.95387614	0.076034255
0.95386165	0.16484514
0.95385146	0.18461473
0.95384985	0.08267208
0.9538525	0.1155811
0.9538551	0.09618682
0.9538492	0.13872951
0.95385605	0.119317554
0.9538629	0.08112134
0.9538613	0.14698951
0.9538724	0.05919821
0.9538835	0.07057319
0.95388615	0.1133979
0.953893	0.08589115
0.9538998	0.110878564
0.95388544	0.16362417
0.953888	0.09272225
0.95389485	0.07436797
0.9538932	0.11108435
0.9538958	0.06546039
0.95389414	0.110665254
0.95388824	0.1771624
0.95387816	0.23147987
0.9538638	0.22105753
0.9538664	0.07313051
0.95383936	0.31369
0.95383775	0.10888523
0.9538404	0.10391699
0.95383877	0.13342191
0.9538076	0.23451725
0.9537975	0.18306021
0.95380014	0.08536764
0.9537859	0.15967001
0.9537885	0.15811785
0.9537743	0.14383797
0.95376	0.17302164
0.9537585	0.12579729
0.95377374	0.06767864
0.95378476	0.07924502
0.95379156	0.08837535
0.9537942	0.09183468
0.9538094	0.070558116
0.9538078	0.08809864
0.95381457	0.07137608
0.9538088	0.12506136
0.9538072	0.13160485
0.9538224	0.055366836
0.95382077	0.134028
0.9538233	0.15564981
0.9538217	0.124466956
0.95382017	0.12046372
0.9538144	0.13728328
0.9538253	0.09859694
0.95381534	0.10851626
0.95381373	0.10551524
0.9538122	0.13921179
0.95382726	0.05971467
0.9538298	0.09223626
0.95383245	0.13027728
0.9538058	0.26329672
0.9537959	0.12438291
0.9538068	0.08460248
0.95379275	0.15679109
0.9537953	0.10356761
0.9538104	0.04573403
0.9538171	0.111894995
0.95381135	0.11417836
0.9538139	0.12770909
0.9538331	0.0378628
0.95383567	0.10608169
0.9538424	0.076859914
0.9538366	0.1479742
0.9538392	0.09433364
0.9538459	0.07249993
0.9538567	0.050793923
0.95386344	0.08482958
0.95386183	0.10849209
0.95386434	0.14017878
0.953871	0.10542059
0.95388186	0.071836755
0.95388436	0.093275875
0.95389926	0.041662544
0.95389354	0.12777238
0.95387954	0.2855678
0.9538862	0.08562651
0.9538928	0.060221028
0.95387065	0.17595844
0.95387316	0.10723372
0.95386744	0.17149933
0.9538782	0.07964128
0.9538684	0.12749532
0.9538668	0.096166655
0.9538775	0.06291238
0.95386773	0.13009785
0.9538661	0.18277551
0.9538399	0.24298972
0.9538465	0.06795705
0.9538491	0.102338485
0.9538393	0.16221926
0.9538254	0.15759844
0.9538238	0.097482346
0.95383453	0.06259029
0.953833	0.14040528
0.9538437	0.052719727
0.9538544	0.050677713
0.95385283	0.15068845
0.95384717	0.1137131
0.9538538	0.08316207
0.9538522	0.113582715
0.95383835	0.1699034
0.9538368	0.09172631
0.95383114	0.16824852
0.95383364	0.08136871
0.95384026	0.07841269
0.9538346	0.10456733
0.9538494	0.035536245
0.9538519	0.086277395
0.95385027	0.103252515
0.9538487	0.089011185
0.953839	0.18102428
0.9538415	0.1088433
0.953844	0.072343186
0.95383435	0.1710205
0.95382875	0.14087321
0.9538353	0.11131897
0.95383376	0.09753847
0.95383626	0.08495386
0.95384276	0.10673332
0.9538412	0.14579721
0.9538356	0.13639158
0.9538462	0.080816776
0.9538487	0.10707825
0.95383096	0.15012513
0.9538375	0.10930242
0.953844	0.093196936
0.95383847	0.11799918
0.95384496	0.09103176
0.9538434	0.12719679
0.95384187	0.096824996
0.95383227	0.1121057
0.9538307	0.12157202
0.9538372	0.111421615
0.9538317	0.112954706
0.9538341	0.11080165
0.95383257	0.1036611
0.953831	0.11030269
0.95381343	0.21820581
0.9538239	0.079876855
0.95381033	0.13884631
0.9538088	0.111808926
0.9538073	0.16051362
0.9538098	0.09173328
0.95380425	0.17281428
0.9538067	0.08126781
0.9538172	0.07741293
0.95383173	0.044452645
0.9538422	0.0687091
0.95384467	0.094367445
0.9538391	0.10677586
0.9538536	0.06420113
0.9538441	0.17838258
0.9538425	0.13542543
0.953829	0.12054273
0.9538354	0.07137269
0.95383793	0.081118196
0.95384437	0.07712355
0.9538428	0.10462069
0.9538453	0.1211856
0.95385575	0.07047508
0.9538622	0.08216242
0.95386857	0.10918257
0.953879	0.076525785
0.95388544	0.06724171
0.9538918	0.07711981
0.95389426	0.088865444
0.9538887	0.1673905
0.95387924	0.17889652
0.9538777	0.12645307
0.9538642	0.13235652
0.95386666	0.11025218
0.95387703	0.07643346
0.95387155	0.13046832
0.95386606	0.08664462
0.9538645	0.09513674
0.9538788	0.057631448
0.95388126	0.10701394
0.9538837	0.097291924
0.95388216	0.09514045
0.9539004	0.03491555
0.9538909	0.12742299
0.95388937	0.11951502
0.9538918	0.13451922
0.95388633	0.14754778
0.9538769	0.14223492
0.95389116	0.07538304
0.95390147	0.07664451
0.9539078	0.10343984
0.95391417	0.067735076
0.9539244	0.0649609
0.9539268	0.06423901
0.95392525	0.16743687
0.95393556	0.066111386
0.9539419	0.09018857
0.9539482	0.084961474
0.9539505	0.103311196
0.9539608	0.062746465
0.9539671	0.119346164
0.95395374	0.17563996
0.95396006	0.059501003
0.95396245	0.09972279
0.95395696	0.16933426
0.95394754	0.17018886
0.95395386	0.079127826
0.9539484	0.09930406
0.953939	0.126889
0.9539453	0.052327383
0.95394766	0.14919764
0.95395005	0.07403438
0.9539602	0.05687674
0.9539665	0.13365202
0.9539571	0.14548422
0.95394385	0.20783757
0.9539501	0.05649884
0.95394075	0.12405029
0.9539275	0.1400834
0.9539221	0.10802731
0.95391667	0.106916875
0.9539151	0.12660117
0.9539058	0.16379833
