0.97	0.05541962
0.95	0.17004669
0.95666665	0.07842245
0.9625	0.050725557
0.964	0.1312984
0.96166664	0.1119584
0.95714283	0.1842873
0.955	0.14262855
0.95666665	0.06825082
0.958	0.07744581
0.96090907	0.04083048
0.9625	0.06839582
0.9646154	0.046563435
0.965	0.081157714
0.96533334	0.084207796
0.965	0.12126282
0.9664706	0.0489607
0.96555555	0.14148688
0.9652631	0.06323659
0.965	0.12215223
0.9657143	0.059175115
0.9654545	0.15471913
0.9652174	0.13997473
0.96416664	0.13080245
0.9644	0.09670555
0.96384615	0.08866026
0.96444446	0.054160953
0.965	0.1002906
0.9655172	0.059158098
0.964	0.17098722
0.9629032	0.17343396
0.9634375	0.08821252
0.96393937	0.057416867
0.9647059	0.076465055
0.964	0.10192821
0.96444446	0.06682272
0.9643243	0.09279143
0.9626316	0.19898862
0.9625641	0.113346346
0.962	0.13971916
0.9621951	0.08444966
0.96166664	0.09915972
0.9623256	0.07425668
0.9625	0.07948475
0.9624444	0.083897874
0.9626087	0.12616514
0.9625532	0.05001662
0.961875	0.1320463
0.96224487	0.06572558
0.9622	0.1114189
0.96156865	0.14319278
0.9617308	0.0879319
0.9620755	0.07808661
0.96185184	0.11218773
0.962	0.05915146
0.9625	0.06205571
0.96245617	0.09956183
0.9624138	0.09401976
0.9623729	0.12138631
0.962	0.13693154
0.96163934	0.11054883
0.9617742	0.10712112
0.9614286	0.104442395
0.9607813	0.12962823
0.9609231	0.06733015
0.9612121	0.10149844
0.9602985	0.15973373
0.95985293	0.17131953
0.96014494	0.052854437
0.9597143	0.12005747
0.9597183	0.1240159
0.9593056	0.15691818
0.95863014	0.15337816
0.9583784	0.11549857
0.9584	0.0896519
0.95855266	0.060828663
0.95844156	0.14552838
0.95871794	0.07572008
0.9586076	0.09094681
0.95875	0.06836061
0.9590123	0.042208437
0.9591463	0.09383021
0.9592771	0.07549232
0.95928574	0.1138913
0.95929414	0.060549963
0.9593023	0.09398873
0.95965517	0.04630892
0.9597727	0.08688769
0.9598876	0.080953255
0.95966667	0.13343836
0.95934063	0.15342663
0.9591304	0.16137928
0.9588172	0.14217855
0.9587234	0.13126394
0.9586316	0.1469
0.9584375	0.17670523
0.9582474	0.12003095
0.9582653	0.08440981
0.9582828	0.09404489
0.9585	0.05273579
0.95851487	0.10412738
0.95843136	0.096271545
0.9584466	0.10856038
0.9583654	0.14901362
0.958	0.13290273
0.9576415	0.13964957
0.95785046	0.08065606
0.957963	0.08033474
0.9580734	0.08282759
0.9579091	0.13351211
0.95765764	0.14625616
0.95767856	0.14379436
0.95778763	0.08178585
0.95789474	0.068228714
0.958	0.067792386
0.9581035	0.118158914
0.95811963	0.1330009
0.9583898	0.044786487
0.95840335	0.10039913
0.95841664	0.1273266
0.95842975	0.07872918
0.9584426	0.0902321
0.95853657	0.0657648
0.95830643	0.109136745
0.95816	0.13787314
0.9581746	0.09536232
0.9581102	0.0846092
0.958125	0.12891497
0.958062	0.11772179
0.9583077	0.03934859
0.9583206	0.14568889
0.95825756	0.113665916
0.9581203	0.15048276
0.9582836	0.086028874
0.9582963	0.081532024
0.9579412	0.19065191
0.95788324	0.12076892
0.95797104	0.08812776
0.9581295	0.06972621
0.9582143	0.07300509
0.9583688	0.08128462
0.9583099	0.098460615
0.9584615	0.0925291
0.9585417	0.09124857
0.95868963	0.06734744
0.9587671	0.09310181
0.9587075	0.11974754
0.9586486	0.16476516
0.9585906	0.13884723
0.9587333	0.062088046
0.9589404	0.08692173
0.95907897	0.049555108
0.959085	0.07010636
0.9588961	0.1685139
0.95890325	0.15718855
0.95865387	0.19390081
0.95859873	0.12907623
0.9586076	0.13794959
0.958805	0.06514831
0.9588125	0.10987545
0.9590062	0.04120261
0.9592593	0.04081984
0.9592638	0.09717384
0.9591463	0.123129256
0.9588485	0.183408
0.95891565	0.113679625
0.95892215	0.09864253
0.9590476	0.06961667
0.9591716	0.07010776
0.95911765	0.109135635
0.95900583	0.12967399
0.9588953	0.119734496
0.95901734	0.047408544
0.95908046	0.08868987
0.95914286	0.10019432
0.95920455	0.09385838
0.9590961	0.15349215
0.9592135	0.10623196
0.959162	0.1506422
0.95927775	0.04578219
0.95928174	0.101844266
0.95934063	0.14981571
0.9593989	0.11025701
0.9594565	0.08829051
0.95956755	0.097127415
0.9595699	0.07763893
0.95946527	0.121197976
0.9593617	0.13698465
0.9594709	0.07027832
0.95942104	0.08849203
0.95931935	0.12427581
0.95916665	0.12878086
0.95937824	0.028542032
0.95927835	0.16418721
0.9593846	0.06815106
0.9594898	0.08305201
0.9594416	0.1520732
0.95944446	0.07039679
0.95939696	0.17172234
0.9594	0.10754557
0.9593532	0.12925345
0.95940596	0.1370308
0.9593596	0.0942584
0.9592647	0.1496479
0.9593171	0.06344585
0.95936894	0.11189272
0.9595169	0.01880596
0.9596154	0.0739286
0.9597129	0.049146697
0.9597619	0.0928701
0.95971566	0.13493043
0.9597641	0.110666655
0.95985913	0.0667106
0.9598598	0.11223535
0.9596279	0.19214326
0.95958334	0.15095906
0.9594931	0.15966304
0.9594954	0.061913546
0.95958906	0.049714737
0.95954543	0.09019701
0.95945704	0.13410462
0.9595045	0.121039264
0.9595516	0.06617777
0.95941967	0.11907064
0.9595111	0.08082717
0.95951325	0.1152837
0.95938325	0.12397677
0.95929825	0.12330114
0.9594323	0.045126587
0.9595652	0.06412656
0.95956707	0.10102116
0.959569	0.10663388
0.9595708	0.08476275
0.95952994	0.13119994
0.95948935	0.12688035
0.9594068	0.12685758
0.9594093	0.10766291
0.9593697	0.09167281
0.9594561	0.055418063
0.9595417	0.06149462
0.9595436	0.07278174
0.9595041	0.108451545
0.959465	0.08370635
0.9593852	0.10096652
0.9592653	0.14259112
0.959187	0.09499325
0.9591903	0.14793198
0.9593145	0.059811052
0.9594377	0.07487433
0.95928	0.12347668
0.9593227	0.052900027
0.95940477	0.071463816
0.95944667	0.1078858
0.9594095	0.112989195
0.9594902	0.07435961
0.959375	0.11656514
0.95941633	0.11150666
0.9594186	0.089836285
0.9594595	0.13543493
0.9594615	0.08554497
0.9595019	0.07152022
0.95961833	0.052682888
0.95961976	0.10471132
0.95969695	0.08401608
0.95969814	0.09862876
0.95966166	0.11997542
0.95973784	0.056375336
0.9597388	0.11663685
0.9597398	0.1096828
0.95974076	0.085674934
0.9598155	0.059130806
0.95985293	0.07408126
0.9598169	0.14906597
0.959854	0.1041462
0.9598182	0.14623146
0.9598551	0.10862804
0.9597112	0.17973772
0.95978415	0.074738644
0.9597849	0.10439562
0.9596428	0.14125243
0.9596797	0.070854574
0.95957446	0.1701575
0.95957595	0.08806154
0.9596479	0.061988994
0.95964915	0.11809209
0.9596154	0.10270383
0.9596167	0.097247526
0.95947915	0.1459877
0.95934254	0.18482132
0.9593793	0.08555809
0.9594158	0.0727377
0.9594863	0.060586467
0.9595222	0.090582065
0.9594558	0.11518524
0.9595593	0.043337516
0.9595946	0.08273244
0.9595623	0.15717487
0.9595302	0.119555585
0.95949835	0.07073064
0.9595	0.08860839
0.9595017	0.15605834
0.9595033	0.10468668
0.959538	0.07381511
0.95947367	0.10751505
0.9594754	0.12658583
0.9595098	0.08951906
0.959544	0.08277299
0.959513	0.09761426
0.9595469	0.10609967
0.95948386	0.10966352
0.9593248	0.24107565
0.9591987	0.16194895
0.9591374	0.119466074
0.9590764	0.16857773
0.9591111	0.08562656
0.95914555	0.09334328
0.9591798	0.06783633
0.95924526	0.09777925
0.95931035	0.07388138
0.959375	0.05771411
0.95937693	0.067709595
0.95940995	0.06886179
0.9593499	0.12392919
0.9594136	0.040229656
0.95944613	0.11288895
0.95941716	0.1169106
0.9594495	0.08895894
0.9595122	0.09105133
0.95945287	0.20626968
0.95936364	0.1394184
0.95939577	0.0782716
0.95933735	0.13318881
0.95936936	0.060757864
0.9594012	0.05712565
0.95943284	0.113197535
0.95940477	0.12430263
0.9593472	0.13328949
0.9593787	0.0540302
0.95932156	0.15183826
0.95938236	0.13722183
0.95929617	0.123457834
0.95929825	0.09935988
0.9593003	0.08934032
0.9593314	0.063275225
0.95927536	0.1587903
0.95930636	0.057769828
0.95925075	0.13918862
0.9593391	0.08523362
0.9593696	0.08311328
0.9593143	0.10625188
0.95934474	0.092602864
0.95931816	0.14261876
0.95937675	0.074748375
0.9594633	0.07067743
0.95938027	0.20189394
0.95941013	0.083786085
0.95941174	0.13028923
0.95944136	0.08871512
0.9594986	0.06553685
0.9595	0.07846842
0.95936286	0.1498285
0.95936465	0.105620176
0.9593664	0.10108247
0.9593956	0.09203958
0.95923287	0.15456507
0.95923495	0.07056618
0.9592098	0.12084926
0.95921195	0.11815297
0.9592954	0.06661428
0.9592703	0.10255316
0.9592183	0.15896851
0.9592473	0.1069686
0.9592493	0.081620045
0.9591979	0.14767426
0.95909333	0.1588731
0.95904255	0.11650957
0.9590451	0.07026965
0.9589418	0.27032584
0.9589446	0.18386678
0.95894736	0.12283704
0.9589501	0.12531766
0.9589267	0.08488481
0.9589295	0.07173202
0.9590104	0.042593397
0.958987	0.15831421
0.9590933	0.021932954
0.9591473	0.07459102
0.9591752	0.07953951
0.9591774	0.09761521
0.9592308	0.09059541
0.9592839	0.044981856
0.95931125	0.051452104
0.9592621	0.13402739
0.9592386	0.140808
0.9591899	0.1795864
0.9591919	0.086004026
0.95919394	0.11718381
0.959196	0.11643889
0.95922303	0.066333145
0.9592	0.12509912
0.9591771	0.1077178
0.95920396	0.11101533
0.9592556	0.053732842
0.9592079	0.16838382
0.9592593	0.056944095
0.9590887	0.22379301
0.95906633	0.13808262
0.95906866	0.08913732
0.9591198	0.10751946
0.95912194	0.09415464
0.9591727	0.05653117
0.95922333	0.05300719
0.95927364	0.06443791
0.9592512	0.09703697
0.959253	0.10138254
0.9593269	0.07135014
0.95928055	0.1190063
0.9592584	0.10263382
0.959284	0.0599118
0.95921427	0.15853599
0.9592399	0.07336673
0.95917064	0.14567795
0.9592199	0.05421352
0.95915097	0.16252656
0.9591294	0.081731774
0.9591784	0.116477735
0.95922714	0.06122119
0.95925236	0.078540616
0.9592774	0.07504639
0.95932555	0.062245443
0.95935035	0.10902962
0.95935184	0.09648048
0.9593533	0.09056552
0.9593779	0.06708414
0.9594023	0.083860114
0.95938075	0.10561476
0.9593364	0.15850413
0.95938355	0.06855083
0.9593622	0.09836167
0.95934093	0.08332204
0.95936507	0.09336849
0.9592987	0.16230215
0.9593002	0.08367887
0.9593243	0.080784276
0.95932585	0.06707584
0.9592825	0.11543806
0.9592617	0.11873707
0.959308	0.08599867
0.95933187	0.084533565
0.9593111	0.16585934
0.9593126	0.0778824
0.95931417	0.11083154
0.95924944	0.14142096
0.959185	0.14562616
0.9592088	0.07794938
0.9591886	0.09721746
0.9591685	0.10596949
0.95914847	0.14051236
0.95910674	0.16434798
0.9591957	0.023586156
0.9592191	0.083889596
0.9591775	0.13325624
0.9591793	0.070248574
0.9591595	0.119957715
0.9592043	0.061776124
0.959206	0.08803144
0.95910066	0.19536142
0.95905983	0.15025848
0.9590192	0.2189188
0.9589787	0.179112
0.95900214	0.07238614
0.95898306	0.10588503
0.95896405	0.096547976
0.95890296	0.14735296
0.95886314	0.11700394
0.95888656	0.08066745
0.9588679	0.106508285
0.9588494	0.16422491
0.9588727	0.090359144
0.958875	0.10344352
0.9588565	0.13743705
0.9588589	0.085930675
0.9588613	0.10636548
0.958905	0.09392343
0.9589278	0.099223845
0.95893	0.08434174
0.95889115	0.14106955
0.9589344	0.08025105
0.9588957	0.17211466
0.95887756	0.097907685
0.9589206	0.05717368
0.95894307	0.067941636
0.9589047	0.11188466
0.9589069	0.10688752
0.9589293	0.07140325
0.9589516	0.072359204
0.9589336	0.096734025
0.9589558	0.12590784
0.9589379	0.14294226
0.95888	0.1310037
0.9589421	0.049602225
0.9589841	0.054651517
0.95900595	0.073872045
0.9589683	0.12840575
0.9589703	0.1290447
0.95901185	0.048438735
0.95895463	0.18806526
0.95889765	0.15108389
0.9588998	0.07364647
0.95888233	0.11835828
0.958865	0.1437963
0.9588086	0.113453776
0.9588109	0.15072614
0.9587743	0.118130535
0.95879614	0.09479291
0.9587403	0.11581437
0.9588201	0.027208572
0.9588031	0.12232613
0.9588054	0.1423363
0.95873076	0.14395232
0.9587524	0.094342664
0.9587931	0.054454673
0.9588145	0.077461205
0.9587786	0.1153164
0.9588381	0.041947626
0.9588403	0.078025706
0.9587666	0.22814219
0.9588068	0.086086586
0.9588847	0.03569259
0.95890564	0.07106455
0.9589077	0.14705461
0.95890975	0.11195918
0.9589493	0.06158839
0.9589513	0.1066858
0.95899063	0.087815285
0.9589739	0.12241114
0.9589758	0.067464866
0.9589405	0.11784183
0.958961	0.11352354
0.959	0.0393517
0.9590203	0.08435968
0.9590406	0.07297375
0.9590976	0.049853798
0.9590625	0.13730443
0.9590275	0.14487657
0.9591026	0.04250108
0.9591225	0.08839579
0.9591788	0.066459745
0.95918036	0.08990247
0.95925456	0.03668419
0.9592559	0.08122161
0.9592391	0.09947025
0.9592405	0.121169426
0.95918775	0.14739716
0.95920724	0.04983725
0.9592626	0.07983777
0.959228	0.13804074
0.9592294	0.09679693
0.95926654	0.053147107
0.95926785	0.06588001
0.9593048	0.049888715
0.95930606	0.09538568
0.95930725	0.11839511
0.9592908	0.09662592
0.95932746	0.066706136
0.9593463	0.062085345
0.95929456	0.1532784
0.9593134	0.065403976
0.95933217	0.1069065
0.9593158	0.12493709
0.95931697	0.10337802
0.95935315	0.07415454
0.9593543	0.0983826
0.95928574	0.15124077
0.9592869	0.07561156
0.9592535	0.09590929
0.95928943	0.03934995
0.95925605	0.101415664
0.9592746	0.14401776
0.95922416	0.12361355
0.9592427	0.08712747
0.959244	0.15934575
0.9592796	0.065597706
0.95922947	0.2245755
0.9592308	0.09589804
0.9592321	0.10899624
0.95926744	0.04482745
0.95928574	0.10027361
0.95925295	0.10915476
0.9593051	0.08065572
0.9592893	0.15150045
0.9591892	0.22141604
0.9592074	0.059177976
0.95910776	0.17385092
0.95910925	0.08036252
0.959094	0.091442645
0.959129	0.09327418
0.9591304	0.10589309
0.9591152	0.11419919
0.9590667	0.16454647
0.9590349	0.19118719
0.9590365	0.09039478
0.95902157	0.117225975
0.9590728	0.035636224
0.9590413	0.15607056
0.9590759	0.07276105
0.95906097	0.13743879
0.9590296	0.12840204
0.95898193	0.11542951
0.9589836	0.08348754
0.9589689	0.10857138
0.95898694	0.10861336
0.9590212	0.052039646
0.95897394	0.124678805
0.95900816	0.047065184
0.9590422	0.074257776
0.95905995	0.052510146
0.95907766	0.18526082
0.959063	0.12130843
0.95906454	0.08777022
0.9590338	0.16698796
0.9590193	0.099169426
0.95903695	0.107477255
0.9589904	0.22997645
0.959024	0.05567139
0.9590575	0.05375176
0.95910686	0.053201936
0.9591242	0.07403577
0.9591415	0.08294068
0.959127	0.09520854
0.95906496	0.17199954
0.95905066	0.15474434
0.95908374	0.061065737
0.95908517	0.11923235
0.9591181	0.08250822
0.9591824	0.029181352
0.95912087	0.16859819
0.95910656	0.14248876
0.9590923	0.09520504
0.959125	0.039123848
0.95912635	0.08467457
0.95903426	0.18334728
0.95906687	0.07422186
0.9590528	0.1382627
0.9590853	0.07194784
0.9590712	0.103856996
0.9591036	0.07537543
0.95913583	0.067350455
0.9591525	0.12631716
0.9591846	0.075054124
0.9591705	0.09898156
0.9591718	0.12592079
0.95920366	0.07597976
0.9591896	0.13037959
0.9592061	0.099779755
0.9592073	0.07488453
0.95923895	0.05571841
0.95924014	0.12056449
0.9592413	0.12079831
0.95922726	0.109464996
0.9592133	0.13756125
0.95919937	0.10329052
0.95917046	0.13391814
0.9592169	0.05696683
0.9591729	0.20809011
0.95915914	0.0667576
0.9591904	0.06244876
0.9591617	0.14888139
0.95916295	0.1203709
0.9591642	0.08616971
0.95918036	0.08776602
0.9592113	0.059956454
0.9592125	0.08994393
0.95925814	0.06521701
0.9593037	0.06086242
0.95931953	0.063649215
0.9592762	0.108723104
0.95926255	0.17530832
0.95921946	0.13067053
0.95925	0.05855938
0.9592217	0.1440871
0.9591935	0.15968679
0.9592094	0.10064609
0.95916665	0.12978202
0.9591679	0.102719754
0.95919824	0.070515744
0.95924306	0.040365387
0.9592733	0.059333257
0.95928884	0.10072592
0.95930433	0.05884101
0.95931983	0.12379588
0.9593497	0.097858764
0.9593362	0.10115602
0.9593516	0.09038148
0.9593525	0.11809064
0.95935345	0.10786727
0.9593687	0.06220573
0.95939827	0.072008274
0.95934194	0.1720216
0.9593143	0.11948811
0.959301	0.12998776
0.95928776	0.14193329
0.95923185	0.14540747
0.95921874	0.07462765
0.95923406	0.0814852
0.95919263	0.22818519
0.9591372	0.17853068
0.9591808	0.047527414
0.95916784	0.10613336
0.95916903	0.06803345
0.9591561	0.11927509
0.9591854	0.093490064
0.95918655	0.0677295
0.9591597	0.08290436
0.95916086	0.11907628
0.95918995	0.046034846
0.95914924	0.12950039
0.95915043	0.13058129
0.9591516	0.11165189
0.9591389	0.14743663
0.95912623	0.14607513
0.9591274	0.08728086
0.9591286	0.08700387
0.95914364	0.06641662
0.9591724	0.102983706
0.959146	0.13466296
0.9591609	0.09918863
0.9592033	0.050888114
0.9592044	0.14012103
0.9591781	0.12423443
0.9591792	0.09178011
0.95920765	0.06822843
0.9591951	0.08873686
0.9591962	0.13522144
0.95917004	0.14557895
0.9591576	0.106665105
0.9591994	0.03072948
0.9592276	0.061874717
0.9592287	0.13445567
0.9591892	0.1194129
0.9591768	0.1339343
0.95915097	0.14449832
0.959179	0.081715316
0.95913976	0.13532259
0.9591141	0.1708069
0.95910186	0.11370483
0.9590897	0.10168662
0.9590909	0.080671094
0.9591055	0.07990345
0.95912	0.08576816
0.9590945	0.14707053
0.9590824	0.1635711
0.95909697	0.07106767
0.9591379	0.065220736
0.9590861	0.16306825
0.9590741	0.09327893
0.9591149	0.042194054
0.9591029	0.10284385
0.9590777	0.13398422
0.95910525	0.05713356
0.95911956	0.08330254
0.95913386	0.068436444
0.9591481	0.050161168
0.9591623	0.09024559
0.9591242	0.14208454
0.9591123	0.1644913
0.9591265	0.08424022
0.95910156	0.16938478
0.9590637	0.15080708
0.959026	0.15666586
0.9589883	0.1517285
0.95896375	0.17160237
0.95899093	0.110543564
0.95896643	0.14621086
0.9589806	0.08724002
0.9589562	0.11749898
0.9589318	0.13080958
0.9589203	0.13871536
0.95885754	0.13537432
0.95883334	0.12408271
0.95884764	0.08519524
0.95888746	0.0585776
0.9588889	0.11253251
0.95887756	0.068552494
0.95890445	0.08166811
0.9588804	0.16223356
0.95890725	0.056184698
0.9588959	0.10694479
0.9589227	0.0440762
0.9589114	0.08614127
0.95888746	0.13213488
0.9588636	0.15242054
0.95882726	0.21581814
0.9588413	0.07347162
0.95885533	0.112307444
0.958907	0.03483214
0.95894605	0.0484251
0.95893484	0.077530295
0.95892364	0.07452111
0.9589625	0.059421577
0.9589513	0.15425803
0.95896506	0.07275052
0.9589913	0.09160993
0.9590174	0.048668746
0.95896894	0.20625618
0.9589578	0.1549845
0.9589715	0.10814983
0.9589233	0.157944
0.9589493	0.083328016
0.9589753	0.07191937
0.9590136	0.042360514
0.9590148	0.10075597
0.9590037	0.08630572
0.9589803	0.13777085
0.9589571	0.12122254
0.9589583	0.088908106
0.95897186	0.08245352
0.9589731	0.093502626
0.9589866	0.09233394
0.95898783	0.12865065
0.95902556	0.068371095
0.9590511	0.06251688
0.9590765	0.045672707
0.9590534	0.1649565
0.95904243	0.13428964
0.95904356	0.11424845
0.95904475	0.10318488
0.9590459	0.1322168
0.95901084	0.2220102
0.9589639	0.15675445
0.95898914	0.04574388
0.9589904	0.075738
0.9589796	0.093668014
0.9589928	0.093083
0.959006	0.08414661
0.9590072	0.12598202
0.9589845	0.17740783
0.9589976	0.09513135
0.9589988	0.078742765
0.9589405	0.19332638
0.9589774	0.061646685
0.9589905	0.07186151
0.9590273	0.05751564
0.95901656	0.103416406
0.9590533	0.046745278
0.9590189	0.13737531
0.9589965	0.129053
0.9590094	0.07874694
0.9590224	0.054445334
0.95897645	0.17775644
0.9589777	0.09480906
0.9589554	0.16226894
0.95892143	0.16168395
0.9589344	0.09211148
0.95894736	0.091169074
0.9589603	0.07312362
0.95897317	0.08601424
0.9589627	0.14956139
0.95896393	0.14683688
0.95897675	0.07260187
0.95897794	0.07947331
0.9589675	0.12889522
0.9589803	0.0925329
0.9589931	0.07805895
0.9590058	0.08090076
0.95901847	0.068649754
0.95899653	0.09946045
0.95899767	0.09364893
0.95899886	0.11392478
0.959023	0.07189291
0.9590356	0.05319236
0.9590023	0.12023538
0.9590378	0.030002378
0.9590046	0.15419604
0.95899427	0.11836729
0.9589726	0.15315145
0.9589624	0.097566225
0.9589977	0.03673541
0.9590216	0.08162833
0.9590227	0.10884401
0.95904654	0.04865836
0.95905894	0.07537105
0.9590487	0.15564732
0.9590272	0.11505165
0.95902824	0.1055404
0.95899546	0.1832389
0.9590079	0.08195398
0.9590428	0.034907743
0.9590776	0.032785326
0.9590899	0.074430265
0.9590685	0.15625237
0.9590583	0.1353732
0.95905936	0.06774625
0.95906043	0.12126138
0.95902795	0.10206799
0.95900667	0.10962673
0.95901895	0.08111611
0.95905346	0.05915887
0.9590545	0.12239535
0.9590333	0.13182755
0.9590344	0.06538615
0.95904654	0.061404377
0.9590587	0.060323175
0.9590819	0.052111648
0.95910496	0.061050843
0.959117	0.11085909
0.95914	0.073854774
0.95917404	0.054032665
0.9591859	0.08167532
0.9591868	0.098997466
0.9592097	0.05868423
0.95923245	0.06415719
0.9591895	0.17245972
0.9591685	0.10313129
0.9591694	0.12222802
0.9591703	0.10160388
0.9591494	0.1396304
0.9591394	0.18021792
0.9591295	0.09840961
0.9591304	0.13790783
0.9591422	0.08527099
0.9591323	0.12050414
0.9591116	0.13617983
0.9591234	0.06390626
0.9591243	0.108215004
0.95915765	0.03881186
0.95919096	0.040338077
0.959181	0.0832375
0.9591712	0.16663796
0.9591828	0.075987555
0.9591837	0.14680049
0.9591738	0.090268165
0.9591854	0.104736455
0.9591756	0.14200433
0.95918715	0.07523055
0.9592201	0.06263517
0.9592316	0.103152074
0.9592111	0.11251924
0.95922256	0.116320565
0.95923406	0.061937634
0.9592455	0.06314157
0.9592569	0.11225176
0.95925766	0.086451806
0.9593009	0.037162226
0.9593016	0.09286853
0.9592812	0.1357672
0.9592714	0.11796253
0.95929325	0.09152209
0.9592835	0.12669268
0.95926315	0.11913352
0.95928496	0.09096841
0.9592647	0.13137749
0.959255	0.08925339
0.95924526	0.08426472
0.959267	0.13093849
0.9592573	0.08953703
0.9591954	0.19843201
0.9592067	0.07942619
0.95922834	0.053368557
0.9592083	0.1328123
0.95918834	0.13546619
0.95921	0.06966817
0.95916927	0.15647422
0.9591701	0.1220382
0.95918137	0.06966645
0.9591615	0.14142437
0.9591934	0.05919284
0.95916325	0.14400426
0.95913315	0.182474
0.9591134	0.19745141
0.9591452	0.05307827
0.9591564	0.051434666
0.95916754	0.08438373
0.9591479	0.15035479
0.9591692	0.07934135
0.9591701	0.103958234
0.9591812	0.097662166
0.959182	0.14414078
0.9591726	0.097084194
0.95917344	0.103469245
0.9591947	0.09904915
0.95917517	0.11660866
0.9592065	0.046423506
0.959187	0.13285251
0.959198	0.05564501
0.9591988	0.078725226
0.95923	0.05344233
0.9592409	0.091775656
0.9592619	0.06063959
0.95925254	0.12461307
0.9592634	0.08149197
0.959254	0.17050646
0.9592145	0.2151878
0.9591851	0.17083384
0.959196	0.14323993
0.9592169	0.09452228
0.9591976	0.16864532
0.95922846	0.056805544
0.9592092	0.11758735
0.95921	0.09339616
0.9592108	0.08404905
0.95922154	0.09722081
0.9592223	0.07240777
0.9592032	0.10166435
0.9592338	0.058238305
0.95922464	0.10945067
0.95921546	0.11506652
0.9592361	0.06977754
0.95922697	0.13008137
0.95921785	0.14209336
0.9592285	0.13749857
0.959249	0.06474837
0.9592201	0.14943291
0.9592209	0.081039734
0.95922166	0.07150116
0.9592126	0.14954162
0.95920354	0.1241418
0.9591945	0.13244408
0.9591462	0.18938369
0.9591569	0.09389744
0.9591479	0.14042637
0.9591487	0.08775459
0.95917886	0.042497173
0.9591895	0.079794556
0.9591805	0.17017911
0.9591618	0.10990578
0.95917237	0.057129793
0.95917314	0.11575082
0.9592031	0.035670403
0.9592039	0.18689
0.9592435	0.036619477
0.95925385	0.12977687
0.9592449	0.121373765
0.95925534	0.073897935
0.9592464	0.11951791
0.95925677	0.0762942
0.9592382	0.17357951
0.95924854	0.07650995
0.9592685	0.071303874
0.9592692	0.07932211
0.95928913	0.0692496
0.95928985	0.17017624
0.9592809	0.18140315
0.95929116	0.08121277
0.9592919	0.09266471
0.95929253	0.12330092
0.95928365	0.10130773
0.9592748	0.14093024
0.959285	0.06791773
0.9592952	0.057478815
0.9593054	0.10547042
0.9592966	0.13133863
0.9593067	0.07492706
0.95926946	0.14295717
0.95926064	0.12228684
0.95926136	0.114119805
0.9592431	0.12710975
0.9592533	0.09902691
0.9592729	0.12664054
0.95925474	0.11015943
0.95923656	0.15116026
0.9592467	0.06502307
0.9592568	0.05486835
0.9592669	0.06895172
0.9592582	0.09828396
0.9592683	0.1140691
0.9592502	0.11974727
0.9592509	0.08554008
0.9592423	0.08193
0.959243	0.068183124
0.959225	0.13126886
0.95918846	0.12933141
0.9591892	0.141731
0.9591713	0.11567957
0.9591535	0.1272358
0.959145	0.12711243
0.95911795	0.17063719
0.95908165	0.16364215
0.9590825	0.10380915
0.9590741	0.12105655
0.9590472	0.18045202
0.95905733	0.07741703
0.9590859	0.058774572
0.9590867	0.09968025
0.95908755	0.085964195
0.9590884	0.10540388
0.95909846	0.10301008
0.9591085	0.0714276
0.95910925	0.123547055
0.9591101	0.09357806
0.9591109	0.088937484
0.95911175	0.11653631
0.9591308	0.06689221
0.9591316	0.086192474
0.95914155	0.08520375
0.95915145	0.08681879
0.95916134	0.10003612
0.95918036	0.044097222
0.9591811	0.086499445
0.95916367	0.12910953
0.9591916	0.044405773
0.9591924	0.08018142
0.95921123	0.053566083
0.9591485	0.18074077
0.9591765	0.044893164
0.95915914	0.11811855
0.959178	0.05803479
0.95920575	0.059030995
0.9592065	0.093896605
0.95920724	0.08414632
0.9592169	0.08850975
0.95918167	0.17758554
0.9592004	0.0629576
0.9591831	0.13239817
0.95915693	0.124445915
0.95914876	0.11106685
0.95912266	0.1561148
0.9591324	0.08257761
0.95913315	0.08288339
0.9591518	0.10383821
0.9591704	0.10628421
0.9591533	0.16377403
0.9591451	0.13497971
0.9591637	0.055879377
0.9591467	0.14349902
0.9591297	0.11868518
0.9591127	0.11352434
0.9591135	0.079715684
0.95914084	0.04083796
0.95915043	0.090323746
0.9591247	0.1482663
0.95912546	0.106597796
0.9590909	0.16671333
0.9590829	0.0920413
0.9590925	0.05492231
0.95909333	0.09803953
0.9591117	0.06454656
0.9590949	0.13286255
0.95911324	0.07783681
0.9590965	0.110299386
0.95912355	0.049794897
0.9590981	0.16550745
0.9590901	0.0907043
0.9590822	0.12560676
0.9591092	0.046466094
0.9591274	0.110756665
0.9591369	0.07995567
0.95909405	0.17176113
0.9590862	0.08850292
0.95907825	0.14793433
0.9590617	0.106719054
0.9590538	0.1375424
0.9590373	0.15790938
0.9590555	0.055118233
0.95905626	0.08475664
0.9590917	0.03515293
0.95908386	0.10199316
0.9591019	0.07661725
0.9591027	0.10034346
0.9591207	0.094665796
0.95912147	0.08129413
0.95915663	0.034449533
0.95916593	0.06990681
0.9591752	0.061682332
0.9591845	0.059594482
0.9591938	0.11431593
0.95922023	0.06278071
0.959238	0.054979596
0.959213	0.20164052
0.9592137	0.15368357
0.9592143	0.08035758
0.9592321	0.062148906
0.9592157	0.0990964
0.95917374	0.20399804
0.95914894	0.15250415
0.9591582	0.120592386
0.95918435	0.031782903
0.9591935	0.105714254
0.9592197	0.047130615
0.95920336	0.11540835
0.9591702	0.19797559
0.9591878	0.064417824
0.959197	0.100775234
0.9592061	0.07089441
0.9591899	0.13507392
0.959199	0.08660738
0.9592081	0.09279238
0.9592172	0.070506155
0.95921785	0.12813291
0.9592269	0.06820802
0.95921075	0.1254562
0.9592282	0.045517664
0.9592288	0.12629277
0.9592379	0.07779737
0.9592218	0.087189935
0.9592057	0.15719791
0.9592398	0.03758968
0.9592237	0.09558913
0.9591993	0.17534223
0.9592	0.11385856
0.95920897	0.09706519
0.959193	0.13191101
0.959202	0.10410272
0.95920265	0.11400421
0.95921993	0.07820861
0.95921224	0.10601796
0.9592129	0.10895883
0.95922184	0.07296369
0.9592225	0.0974216
0.95922315	0.097637065
0.9592073	0.1536456
0.95919144	0.16669512
0.95915914	0.21842557
0.9591351	0.14126581
0.95913583	0.11877594
0.95916116	0.069569
0.95915365	0.12822379
0.95914614	0.12128421
0.95914686	0.10270592
0.95913935	0.115385234
0.9591482	0.07494066
0.9591735	0.04943638
0.9591578	0.15222049
0.9591748	0.06601028
0.95919186	0.05889021
0.9592007	0.07348521
0.959185	0.12103538
0.9591938	0.05121103
0.9591863	0.10978995
0.959187	0.10026908
0.9591714	0.22472534
0.95914775	0.11830197
0.959116	0.1487996
0.9591329	0.06667535
0.9591417	0.06856782
0.9591505	0.077890255
0.9591431	0.13203664
0.95911956	0.15631238
0.9590961	0.18894596
0.9590968	0.08204339
0.9591136	0.08095647
0.9590982	0.09869592
0.9590909	0.0921745
0.95909166	0.05913474
0.9590763	0.13435388
0.95907706	0.08934407
0.9590858	0.0804307
0.95908654	0.08999461
0.9591033	0.0614988
0.959104	0.11050581
0.9591047	0.13693914
0.9591294	0.064117745
0.9591301	0.102342576
0.95913875	0.125197
0.9591315	0.13133894
0.95915604	0.065710634
0.95915675	0.08083624
0.9591415	0.124176055
0.95914215	0.12340909
0.95909524	0.18669514
0.95912766	0.030978376
0.9591363	0.10281394
0.9591449	0.07545392
0.95912975	0.24757147
0.95913833	0.10089918
0.95913905	0.08576246
0.9591555	0.10338404
0.95914036	0.16594663
0.9591411	0.15675998
0.959126	0.13042067
0.9591345	0.08558022
0.9591431	0.11533737
0.9591516	0.054548007
0.9591444	0.099832445
0.95913726	0.16090584
0.9591379	0.081607126
0.95915425	0.06371598
0.9591471	0.099051476
0.95914775	0.10908894
0.9591719	0.04367844
0.95917255	0.06663914
0.9591654	0.10371988
0.95915043	0.14048772
0.9591589	0.07162785
0.95915955	0.08044799
0.9591524	0.15715232
0.95917636	0.060062155
0.9591537	0.20166974
0.95915437	0.116695665
0.959155	0.13155635
0.9591557	0.1629042
0.95915633	0.11382393
0.959157	0.09906526
0.9591654	0.09000711
0.95917374	0.08280197
0.9591821	0.12199725
0.95918274	0.111998565
0.95914483	0.21062975
0.9591532	0.07639981
0.95915383	0.07965944
0.9591545	0.082694225
0.95914745	0.1722416
0.9591711	0.099878415
0.9591871	0.07060711
0.95918775	0.119797766
0.95921135	0.06686801
0.9591966	0.17385907
0.9591896	0.10001707
0.95915204	0.15504639
0.95912975	0.16395739
0.9591304	0.08257399
0.9591387	0.07113886
0.95913935	0.06640043
0.95914	0.113070734
0.95914066	0.102023154
0.9591109	0.20876563
0.95912683	0.055202402
0.95911986	0.09381174
0.9590978	0.1814482
0.95909846	0.048617017
0.9590916	0.09138023
0.9591074	0.064508304
0.9591156	0.06353881
0.9591314	0.069899715
0.95913965	0.09736228
0.9591554	0.04591293
0.959156	0.07959182
0.95915663	0.06738447
0.9591723	0.083823204
0.9591729	0.091537334
0.95916605	0.08951646
0.95916665	0.1134071
0.9591748	0.06467286
0.9591754	0.108472966
0.959176	0.117547825
0.95917666	0.07986091
0.9591698	0.103286535
0.95918536	0.064166404
0.9592009	0.044247054
0.9592164	0.10069462
0.9592021	0.14157501
0.9592027	0.076355614
0.95919585	0.07767204
0.95919645	0.09331958
0.95920444	0.07396634
0.95921993	0.08529652
0.9592056	0.11118551
0.95922107	0.056805506
0.95923644	0.04738699
0.95923704	0.07475316
0.9592376	0.07972945
0.9592308	0.11198303
0.9592313	0.08704963
0.9592541	0.06381181
0.959262	0.10076406
0.95926994	0.09911914
0.9592631	0.13911395
0.9592636	0.13601798
0.95927155	0.08297647
0.95928675	0.055186734
0.9592873	0.08395376
0.95925844	0.16444226
0.9592443	0.16500351
0.9592302	0.122400016
0.9592528	0.04590211
0.9592533	0.12909305
0.9592465	0.07105206
0.9592398	0.111940555
0.9592257	0.12782295
0.959219	0.09110087
0.95922685	0.062335283
0.9592201	0.16546829
0.9591697	0.22273283
0.9591703	0.093291976
0.95916367	0.080608636
0.95917153	0.0601138
0.95916486	0.111129075
0.95916545	0.11760517
0.9591733	0.09706518
0.9591739	0.13988309
0.9591745	0.14044407
0.9591823	0.086645015
0.9591829	0.16127741
0.9591763	0.15939942
0.9591769	0.116382234
0.95916307	0.17926133
0.9591726	0.070878655
0.95919484	0.047402807
0.9591882	0.1326094
0.9591888	0.12341018
0.9591894	0.08322272
0.95919716	0.0991819
0.9592121	0.09151605
0.9592199	0.06901354
0.9591989	0.1264569
0.95920664	0.105024226
0.95922154	0.059175655
0.9592221	0.08180888
0.9592369	0.06182753
0.95923036	0.0993093
0.95922375	0.09604487
0.9592457	0.046485804
0.9592391	0.13029838
0.95924675	0.09220621
0.95923305	0.10574294
0.959255	0.060444932
0.9592626	0.10772286
0.95927733	0.06577235
0.95928496	0.072294794
0.95929253	0.069038756
0.95930725	0.07360393
0.9593219	0.091982506
0.9593011	0.13562457
0.9593087	0.056726042
0.95930916	0.116498604
0.95933086	0.03920961
0.9593172	0.11894457
0.95931065	0.12747578
0.95931816	0.13785416
0.9593116	0.10199027
0.9593121	0.07038006
0.9593267	0.06599229
0.9593482	0.03477712
0.9593346	0.07834296
0.9593421	0.09693503
0.9593566	0.05773151
0.95936406	0.11679571
0.9593575	0.1343483
0.95934397	0.13631302
0.95934445	0.057826713
0.9593589	0.06596865
0.95936626	0.067190796
0.9593737	0.061448976
0.959402	0.02905752
0.9594094	0.08502255
0.95940983	0.0682587
0.9594033	0.09102622
0.9593898	0.091419265
0.9593972	0.09184757
0.9594045	0.081960365
0.95940495	0.11414569
0.95937765	0.1385516
0.95935726	0.14059293
0.95934385	0.13294
0.95935816	0.058597013
0.9593724	0.07323945
0.95935214	0.10938712
0.9593733	0.052462403
0.9593737	0.14974481
0.9593673	0.1480077
0.959347	0.12711556
0.95936126	0.06090432
0.9593548	0.12041854
0.95935524	0.07847944
0.9593557	0.09096622
0.9593355	0.13503121
0.9593497	0.08291368
0.959357	0.07962644
0.9593643	0.061260287
0.9593853	0.05351759
0.9593857	0.10415103
0.9593861	0.090216845
0.9593729	0.14646742
0.95935965	0.16829023
0.9593737	0.09150775
0.959381	0.074644834
0.95938826	0.07591261
0.959375	0.16088642
0.95937544	0.08227065
0.9593963	0.053761385
0.9593899	0.16151638
0.9593631	0.19992174
0.9593839	0.036408726
0.9593911	0.10391896
0.9593712	0.14567043
0.9593852	0.061553482
0.95939916	0.06443321
0.95942664	0.037516553
0.95941347	0.14841324
0.9594274	0.051108144
0.9594143	0.17284569
0.95941466	0.117650755
0.95940834	0.09110062
0.95942897	0.029246643
0.9594428	0.043679852
0.9594364	0.117403075
0.95944357	0.122814305
0.95945066	0.06671613
0.95946443	0.042496108
0.9594648	0.09581044
0.95944506	0.14362754
0.9594521	0.14860678
0.9594592	0.09079903
0.95945287	0.11784404
0.95943314	0.14055063
0.95943356	0.11596289
0.9594406	0.09753623
0.95944095	0.16235577
0.9594347	0.12778763
0.9594484	0.055953473
0.95946205	0.069954015
0.95942914	0.18201698
0.9594428	0.057775546
0.95943654	0.17823145
0.9594502	0.06761526
0.9594572	0.08013682
0.9594576	0.114793226
0.9594712	0.043232575
0.95949143	0.05215984
0.9594918	0.09389224
0.9594855	0.12854762
0.95949244	0.103134416
0.9594928	0.11661918
0.95951295	0.064112976
0.95950663	0.098901026
0.959507	0.109644994
0.9595205	0.06725032
0.9595274	0.08284183
0.9595409	0.069625475
0.9595544	0.067100875
0.95954806	0.12332556
0.95953524	0.13622887
0.95949614	0.21281172
0.959503	0.08415294
0.959523	0.032311674
0.95951676	0.13414714
0.9595236	0.08577368
0.95951086	0.21963452
0.9594981	0.14025846
0.9594919	0.14318171
0.95949876	0.08403161
0.95949906	0.067638785
0.9595059	0.11216409
0.9595258	0.08162821
0.9595392	0.07184222
0.95955896	0.064834654
0.9595723	0.0769748
0.95957905	0.0748874
0.95959234	0.06434159
0.95959914	0.12129984
0.9595929	0.08756993
0.9595996	0.11897606
0.9595999	0.10119488
0.95960665	0.068549365
0.9595616	0.18077387
0.9595489	0.15106729
0.95954275	0.06381395
0.9595495	0.093993485
0.9595498	0.11449416
0.9595565	0.078183085
0.9595568	0.09961738
0.95956355	0.11344435
0.9595445	0.17989242
0.95953834	0.14767253
0.95952576	0.17497653
0.95951325	0.109603226
0.9595071	0.11560336
0.9595267	0.04961417
0.95953983	0.0582382
0.9595209	0.18859085
0.959502	0.13124351
0.9594767	0.13753952
0.959477	0.120680004
0.95946455	0.094895504
0.9594649	0.08492735
0.9594844	0.036962498
0.9594528	0.20641974
0.95945954	0.06742752
0.9594854	0.039142642
0.95949847	0.070733644
0.9595115	0.05095668
0.9595182	0.098028824
0.9595058	0.19199081
0.95952517	0.051681463
0.95952547	0.109404735
0.95953846	0.040880848
0.95952606	0.093968526
0.95953906	0.049273476
0.959533	0.08699134
0.9595333	0.10043664
0.95952094	0.1491732
0.95949596	0.16100556
0.9595026	0.092834264
0.9595092	0.12263909
0.95950323	0.1322913
0.95950985	0.11170635
0.9595227	0.04881751
0.95953566	0.053048715
0.9595548	0.049665704
0.959574	0.050373986
0.95956796	0.12506892
0.9595682	0.102878235
0.95958734	0.04067482
0.95956874	0.16094965
0.95959413	0.065935425
0.95958185	0.17291449
0.95958835	0.090368226
0.95960116	0.042833492
0.95960766	0.06168754
0.9596329	0.012770371
0.9596331	0.102504626
0.95965207	0.05154947
0.95964605	0.10366887
0.9596338	0.13474578
0.9596216	0.09583742
0.95959693	0.15381894
0.95957845	0.1570995
0.9595663	0.11372297
0.9595417	0.16469787
0.9595358	0.094055444
0.9595485	0.064105235
0.9595426	0.1251186
0.95956147	0.033505682
0.9595617	0.09063684
0.95958054	0.07920377
0.95958084	0.0804143
0.9595811	0.101998836
0.9595875	0.10026182
0.9595816	0.13150609
0.9595942	0.07197216
0.9596006	0.10017573
0.9596132	0.04757878
0.95961964	0.0688311
0.9596199	0.10810649
0.9596139	0.08330696
0.9596265	0.13320479
0.9596267	0.13404876
0.9596392	0.11722979
0.95964557	0.07587607
0.9596335	0.122224815
0.95963377	0.07557691
0.9596462	0.07655522
0.9596587	0.082035035
0.95967114	0.08262524
0.9596714	0.08871151
0.95967764	0.09027726
0.95966566	0.11079874
0.95965976	0.10080163
0.9596661	0.09591058
0.9596785	0.09246305
0.95966643	0.07413221
0.9596484	0.18391855
0.95966077	0.052732687
0.95967317	0.06463553
0.9596794	0.1030396
0.95969784	0.04163843
0.9597041	0.08513829
0.9597043	0.10680525
0.95971054	0.092708655
0.9597228	0.06703143
0.959723	0.13250446
0.9596929	0.2331367
0.95969915	0.10586646
0.95970535	0.07562194
0.95970553	0.13957156
0.9597118	0.10272557
0.95969987	0.1391263
0.95970005	0.069109395
0.9597002	0.12006222
0.95971245	0.082792826
0.9597066	0.096330404
0.9597128	0.07782578
0.959725	0.048656818
0.9597192	0.109952554
0.9596953	0.20481527
0.95969546	0.1263377
0.9596897	0.08131041
0.95968986	0.09612358
0.959684	0.103562355
0.95968425	0.10674017
0.95968443	0.08546677
0.95966065	0.124468796
0.95966685	0.08999187
0.9596432	0.17590116
0.9596374	0.086893685
0.9596316	0.07256774
0.9596378	0.05644994
0.9596321	0.11136551
0.9596264	0.13273884
0.95960873	0.18838964
0.95962083	0.053879123
0.95963293	0.07428824
0.9596332	0.13568622
0.9596334	0.0863882
0.9596217	0.13649605
0.9596279	0.09346328
0.9596222	0.11834304
0.9596106	0.111056015
0.9596108	0.08580124
0.95962286	0.0529041
0.959629	0.068063624
0.9596174	0.11917178
0.9596058	0.16438401
0.95961785	0.100954086
0.9596181	0.09076004
0.9596183	0.09660294
0.9596067	0.13007657
0.95961875	0.08412868
0.95959544	0.14721121
0.95956624	0.18443148
0.9595724	0.095018774
0.959555	0.14276747
0.95955527	0.07427215
0.95956725	0.07269179
0.95956165	0.12285669
0.9595619	0.13212503
0.959568	0.087619364
0.9595507	0.11125801
0.959551	0.10946954
0.9595512	0.101387694
0.9595515	0.0976222
0.95955175	0.11957499
0.95954037	0.17088205
0.95954645	0.08540896
0.95953506	0.14666146
0.9595353	0.122492425
0.9595006	0.17451103
0.959466	0.18103865
0.9594663	0.100552864
0.9594724	0.05602351
0.9594727	0.06831247
0.959473	0.07307433
0.95948493	0.08434429
0.95949686	0.056467667
0.95950294	0.0750854
0.95950323	0.08203301
0.95950353	0.11923334
0.9595038	0.11514369
0.9594867	0.1721609
0.9594928	0.080976814
0.9594931	0.12886867
0.9594876	0.12734967
0.95951104	0.03814923
0.95948243	0.11447882
0.9594712	0.16328712
0.9594888	0.056506798
0.9595121	0.03260856
0.9595239	0.06182385
0.9595242	0.07969361
0.95953023	0.07018019
0.95952475	0.14040545
0.9595078	0.20172115
0.95951384	0.070007004
0.95950264	0.114199
0.95950866	0.07397988
0.95950896	0.110844515
0.9595149	0.11066941
0.9595152	0.069591075
0.95952123	0.07770099
0.9595272	0.07177834
0.9595446	0.063709505
0.95952773	0.19081236
0.9595394	0.03905875
0.9595397	0.16777186
0.95955706	0.053557634
0.9595573	0.13094632
0.95957464	0.050231405
0.95958626	0.056713585
0.95959216	0.05424041
0.95959806	0.06165084
0.95959264	0.085612565
0.9595929	0.09784462
0.9595931	0.13683313
0.9596047	0.0726682
0.95961624	0.07923904
0.9595881	0.19662143
0.95960534	0.039681535
0.9596169	0.058656942
0.95962274	0.078500964
0.9596173	0.11580333
0.9596175	0.070887856
0.95961773	0.10972025
0.9595954	0.111147225
0.9595956	0.14163364
0.95959586	0.11552368
0.9595961	0.09342384
0.9595907	0.121100634
0.9596078	0.061554767
0.9596249	0.04805165
0.95961386	0.17110138
0.95961404	0.07234803
0.9596255	0.07354378
0.9596313	0.1471065
0.95964277	0.042125493
0.95963174	0.09635411
0.9596263	0.11994278
0.95961535	0.097441845
0.95962673	0.05815235
0.9596493	0.016305698
0.9596551	0.04685284
0.9596609	0.10857864
0.9596499	0.18739085
0.9596501	0.095226616
0.95964473	0.12072465
0.9596505	0.097007066
0.9596507	0.14536929
0.9596398	0.14050159
0.9596233	0.12375632
0.95961237	0.113947496
0.9595959	0.13158381
0.95959616	0.095584065
0.9595908	0.10866963
0.95959103	0.09761377
0.9595857	0.12041433
0.95958596	0.099846
0.9596083	0.033255797
0.9596196	0.07841669
0.95962536	0.0747478
0.95962554	0.18753834
0.9596368	0.092650145
0.9596315	0.12805805
0.9596372	0.10600726
0.9596098	0.19403514
0.959588	0.14136682
0.95960474	0.053984452
0.95957744	0.2144659
0.95956665	0.14439039
0.9595779	0.042365108
0.95957816	0.14307955
0.95957285	0.1037423
0.95955116	0.17622936
0.9595569	0.0908216
0.95957357	0.049929366
0.9595793	0.08312151
0.95957404	0.1097651
0.95955783	0.15565105
0.95955807	0.11471182
0.95957476	0.07486334
0.959575	0.09496381
0.95958066	0.07466078
0.9595864	0.085016124
0.95958114	0.17568581
0.9595759	0.1521739
0.95958155	0.08818501
0.9595982	0.050829723
0.9595875	0.14570467
0.95956594	0.14156862
0.95956075	0.09645388
0.9595555	0.15399113
0.9595612	0.09300137
0.95956147	0.11325703
0.9595617	0.08771672
0.95955646	0.13695051
0.95955676	0.10487199
0.9595516	0.1265434
0.95953554	0.13182522
0.9595575	0.035914507
0.95954144	0.15879916
0.9595417	0.10675659
0.9595257	0.15714562
0.95951515	0.14774308
0.95952624	0.08404718
0.95953727	0.05722213
0.95952135	0.16797549
0.95949465	0.19583715
0.9594734	0.1840576
0.9594844	0.04583253
0.9594739	0.12290137
0.9594635	0.15772276
0.95946914	0.08128298
0.959464	0.10564923
0.95944285	0.119816124
0.95942163	0.17353025
0.9593951	0.2239388
0.9594169	0.029012274
0.95941186	0.11444593
0.95941216	0.08062267
0.9594018	0.11027843
0.9593968	0.14240849
0.95940244	0.078440756
0.9594081	0.0773931
0.9594084	0.06699299
0.95941406	0.088012755
0.959393	0.16577317
0.9593934	0.10018021
0.95940965	0.043537866
0.9594206	0.056855887
0.9594156	0.11680539
0.9594053	0.12187337
0.9594109	0.10691948
0.95941657	0.089086905
0.9594222	0.11263953
0.95942247	0.07759645
0.95940685	0.15693153
0.9594072	0.084192574
0.9594128	0.07918825
0.9594131	0.076319285
0.9594081	0.09445048
0.95939785	0.14437623
0.9593929	0.15619749
0.95940906	0.047673192
0.9594041	0.13134709
0.95941496	0.054615416
0.9594047	0.1369239
0.9594156	0.064763375
0.9594106	0.16673365
0.9593951	0.13606125
0.9594007	0.08549371
0.959401	0.13372694
0.9593856	0.14937161
0.9593701	0.16187115
0.9593809	0.057676606
0.95936024	0.17914575
0.9593606	0.09614506
0.9593609	0.09916008
0.95935076	0.115058824
0.9593563	0.10339328
0.95935667	0.08905672
0.9593413	0.21754025
0.95934165	0.0874124
0.95933676	0.11783652
0.95933187	0.10308764
0.9593322	0.10949007
0.9593326	0.057811603
0.9593277	0.13030875
0.9593385	0.038937923
0.95933884	0.108147286
0.95933914	0.081463955
0.9593395	0.11628747
0.9593347	0.10366051
0.9593298	0.13993514
0.95932496	0.12087039
0.9593097	0.15398946
0.95933086	0.053266607
0.95930517	0.19696972
0.9593056	0.19346024
0.9593007	0.10319574
0.9592959	0.09820352
0.9592963	0.10350031
0.95929146	0.137112
0.95928144	0.11009384
0.9592767	0.11721417
0.95927185	0.11104978
0.9592826	0.0745929
0.9592881	0.0929371
0.9592988	0.07411336
0.95930433	0.0859737
0.9593047	0.07750895
0.95928955	0.23809898
0.9592951	0.09284687
0.95930064	0.092240155
0.95931643	0.06405863
0.9593322	0.038771436
0.9593274	0.13320623
0.95933807	0.06514432
0.9593538	0.049720403
0.95935416	0.11311263
0.9593391	0.19570641
0.9593497	0.09160369
0.95937055	0.06500866
0.9593606	0.14501911
0.9593609	0.08638335
0.9593715	0.08363694
0.9593718	0.080314636
0.9593875	0.047345396
0.9593776	0.108429626
0.959383	0.06488434
0.9593986	0.045237165
0.9593989	0.13056247
0.95939416	0.123729154
0.95939445	0.07709422
0.95938456	0.18346366
0.95938486	0.15382728
0.9594005	0.08396421
0.9593753	0.13378213
0.95936036	0.12585682
0.9593658	0.06766249
0.959361	0.09396493
0.95936644	0.08419926
0.95937693	0.06454266
0.9593823	0.086592905
0.95938265	0.09454944
0.9593931	0.056395058
0.9593934	0.0912718
0.95939875	0.106248066
0.9594092	0.07807031
0.95941454	0.08758194
0.95939964	0.14382035
0.95938987	0.148631
0.9594003	0.07226698
0.95941573	0.051774606
0.95942104	0.09775864
0.9594264	0.07286331
0.95942163	0.106843404
0.959432	0.052820154
0.9594273	0.10043727
0.9594376	0.04264961
0.9594379	0.07085966
0.95943314	0.12214872
0.95943844	0.11539933
0.95943874	0.1407492
0.95942897	0.16489685
0.95942926	0.14106007
0.95944464	0.048125535
0.95942986	0.11678005
0.95943516	0.074273676
0.9594505	0.07872122
0.9594507	0.092630684
0.95946103	0.07138434
0.95945126	0.09710629
0.95943654	0.14441615
0.9594318	0.13586242
0.9594271	0.1094878
0.95943743	0.10073286
0.9594477	0.0984913
0.95945793	0.07543473
0.9594632	0.080745354
0.9594585	0.08873663
0.95947367	0.063850135
0.9594789	0.06718001
0.95946425	0.1431215
0.9594695	0.082616255
0.95946974	0.11785481
0.9594601	0.20181525
0.9594454	0.124976434
0.95945066	0.08172591
0.9594708	0.03666019
0.9594661	0.09868697
0.95945644	0.1299097
0.95945674	0.09272024
0.9594669	0.05055571
0.9594672	0.115303665
0.95946246	0.123549566
0.9594627	0.1114082
0.95946795	0.053231593
0.959483	0.057468686
0.9594783	0.17606932
0.9594687	0.18821347
0.95946896	0.09033047
0.9594643	0.13995805
0.9594646	0.07570614
0.9594747	0.090094
0.9594749	0.08813715
0.9594801	0.06682934
0.95947546	0.09826809
0.9594905	0.050583683
0.95950055	0.0703521
0.95949095	0.09928011
0.9594863	0.092388324
0.95948166	0.07814608
0.9595015	0.034184027
0.9595116	0.05055683
0.9595167	0.07746551
0.9595022	0.14690681
0.9594976	0.0982448
0.959493	0.13084617
0.95948833	0.19167817
0.95949346	0.071200356
0.9595035	0.06927866
0.95949394	0.13636965
0.9595137	0.04463387
0.95951396	0.089324705
0.9595093	0.1461316
0.95950466	0.11467615
0.9594903	0.16134128
0.9594857	0.09329291
0.95948595	0.1498573
0.95948136	0.09401315
0.9594767	0.13858265
0.95948666	0.058139097
0.95948696	0.0966209
0.9594872	0.115819566
0.95949715	0.059428178
0.95950705	0.044912986
0.9595122	0.062478665
0.95949304	0.1686734
0.95948845	0.08251172
0.9594935	0.06883726
0.95949376	0.101765804
0.95950365	0.061891075
0.95949906	0.10986911
0.9594945	0.08998313
0.9594947	0.09541381
0.9594902	0.101640776
0.9594856	0.110104054
0.9594858	0.129954
0.9594765	0.16485777
0.95948154	0.12204013
0.95948654	0.09240281
0.95948684	0.08389739
0.95948225	0.20543502
0.9594825	0.06508564
0.9594924	0.06764975
0.9594782	0.14012899
0.95947367	0.0861855
0.9594787	0.0944035
0.959479	0.1014639
0.9594744	0.10906167
0.95946985	0.08588444
0.95948446	0.057004515
0.9594943	0.07076822
0.95949453	0.06789113
0.9594757	0.2890417
0.95946634	0.12034583
0.9594523	0.117534675
0.95944303	0.15713471
0.9594528	0.066504784
0.9594674	0.049092714
0.95946765	0.11085262
0.95948696	0.055240262
0.95949197	0.076064356
0.95948744	0.09029558
0.95949244	0.074167915
0.95947367	0.16561426
0.9594787	0.0648837
0.9594837	0.12852502
0.95947915	0.092700794
0.95948416	0.063263185
0.9594891	0.07004912
0.95948935	0.10248828
0.9594849	0.14981547
0.95947564	0.116191186
0.95947117	0.12912953
0.9594809	0.09301229
0.9594858	0.07838355
0.95950025	0.086093046
0.95950526	0.08841795
0.9595055	0.12019412
0.95950097	0.12062968
0.9595012	0.105753586
0.95950615	0.07240317
0.9595064	0.08441303
0.95950663	0.13002428
0.9595163	0.07578954
0.9595071	0.11506363
0.9594791	0.16443892
0.95949346	0.06193209
0.9595078	0.09226075
0.9595221	0.09227815
0.95951295	0.09564426
0.9595132	0.113128565
0.9595181	0.066366054
0.959523	0.08695158
0.95951855	0.06684958
0.95952815	0.11322621
0.9595284	0.1369738
0.9595379	0.045452725
0.9595429	0.11669047
0.9595384	0.09336259
0.9595246	0.13399425
0.95952946	0.10171652
0.95952505	0.107958645
0.9595159	0.13615555
0.9595208	0.094299115
0.959521	0.08988264
0.9595073	0.14417115
0.9595168	0.05138043
0.95951706	0.08486966
0.9595219	0.065051526
0.9595268	0.08578864
0.95952237	0.13070518
0.9595319	0.047228657
0.95952743	0.12130505
0.9595184	0.10261617
0.95951396	0.10241603
0.9595049	0.10417999
0.9595005	0.08791079
0.95951	0.076015
0.9594963	0.14695857
0.9594873	0.09301864
0.9594968	0.064088576
0.95949703	0.1103653
0.95948803	0.14417574
0.9594744	0.16335146
0.95947003	0.09125263
0.95946103	0.105574034
0.9594613	0.13462412
0.95947075	0.09499225
0.9594479	0.16199778
0.9594574	0.062033392
0.9594623	0.09668508
0.9594579	0.11667845
0.9594535	0.12811098
0.9594354	0.20970595
0.9594449	0.062317528
0.9594405	0.06413708
0.95944536	0.074497506
0.959441	0.14531478
0.9594367	0.13658434
0.95944154	0.07948439
0.9594418	0.08088979
0.9594375	0.10502809
0.9594423	0.07714698
0.95946085	0.03679592
0.9594657	0.07027714
0.959466	0.14428355
0.95947534	0.062478796
0.9594893	0.03411637
0.9594804	0.17473169
0.95946234	0.15819559
0.9594626	0.0881266
0.9594628	0.090760335
0.9594631	0.0775326
0.95945424	0.115297705
0.9594499	0.116618395
0.9594502	0.1138105
0.9594504	0.114051305
0.9594325	0.16304076
0.95941454	0.15726057
0.95941937	0.08277908
0.95942414	0.07670093
0.95942444	0.07342962
0.95943373	0.080303356
0.9594204	0.16504854
0.9594343	0.05432236
0.9594345	0.085329704
0.9594348	0.08669083
0.9594441	0.06879227
0.95945793	0.043450955
0.95945364	0.12171034
0.95946294	0.07035212
0.9594677	0.09899649
0.95946795	0.08512719
0.9594682	0.169821
0.9594639	0.12888226
0.9594732	0.06191155
0.95947343	0.11002593
0.95948267	0.07683302
0.95948744	0.08046725
0.95948315	0.1487316
0.95946085	0.1855513
0.9594656	0.10898376
0.95946133	0.11295376
0.95946157	0.09378614
0.95946634	0.104854375
0.95946205	0.15531218
0.9594488	0.16082826
0.9594536	0.05218138
0.9594538	0.08687482
0.9594272	0.25477812
0.95943636	0.07697394
0.9594321	0.096878655
0.95944583	0.05198084
0.95943266	0.19650038
0.9594374	0.10197575
0.95943314	0.120595604
0.9594245	0.122616574
0.95942026	0.08686183
0.95941156	0.10224711
0.959394	0.16208851
0.95938534	0.18807152
0.95938116	0.15500042
0.9593859	0.08674891
0.9593817	0.13757548
0.9593686	0.12612396
0.95936	0.119033374
0.95936024	0.10545435
0.9593561	0.08511241
0.9593653	0.0713191
0.95936114	0.13753211
0.95936584	0.08193202
0.95937055	0.07531097
0.95937085	0.11010429
0.95938885	0.030043488
0.95938474	0.12498594
0.959385	0.13793646
0.9593897	0.06453146
0.9593855	0.13978939
0.9593858	0.104464464
0.95938605	0.08957395
0.9593775	0.10864288
0.95936453	0.16664974
0.95936924	0.04813235
0.9593739	0.04430042
0.95935655	0.22968453
0.9593612	0.07768416
0.95937914	0.05685404
0.95937943	0.10547969
0.9593885	0.11291012
0.9593932	0.080100365
0.95940226	0.07303179
0.9593849	0.18772377
0.9593852	0.10158185
0.95938987	0.11437531
0.95938575	0.14234725
0.9593904	0.095476866
0.95939946	0.080831245
0.95939535	0.13277511
0.9593956	0.10713287
0.95940024	0.07307638
0.9593917	0.12168851
0.959392	0.08377099
0.95939225	0.08924582
0.9594013	0.06131598
0.95941466	0.041478924
0.95942366	0.059035305
0.9594371	0.04932594
0.9594373	0.100671284
0.9594201	0.1527103
0.9594116	0.13862985
0.95941186	0.09726708
0.95942086	0.0757561
0.9594298	0.07811205
0.9594344	0.11016195
0.9594434	0.0641891
0.9594393	0.118242934
0.9594395	0.15287489
0.95943975	0.057189196
0.95944	0.096375674
0.9594359	0.10072364
0.9594448	0.056653295
0.95943636	0.11069459
0.95944095	0.105496585
0.95943254	0.11888895
0.9594415	0.06720419
0.9594374	0.10957827
0.9594376	0.10393319
0.9594292	0.11982642
0.95941645	0.19534397
0.95940804	0.12008891
0.9594169	0.05900584
0.95941716	0.08774567
0.9594002	0.21664672
0.9594047	0.08223924
0.95941365	0.047893867
0.9594182	0.052990723
0.95942277	0.084690526
0.959423	0.053994022
0.9594319	0.0770521
0.95942354	0.13421144
0.95941514	0.13863824
0.9594111	0.1083011
0.9594157	0.075314954
0.95943314	0.040498246
0.95942044	0.15301263
0.9594164	0.09755231
0.95941234	0.15098669
0.9593954	0.23411964
0.9594	0.07088225
0.95940024	0.06490695
0.9593876	0.10853535
0.9593836	0.11259393
0.95938385	0.10664106
0.95937985	0.10354934
0.9593673	0.15729521
0.9593675	0.08138888
0.9593592	0.111236244
0.95934665	0.13589102
0.95934695	0.13358346
0.95934296	0.093750104
0.95934325	0.11418004
0.9593478	0.09188887
0.9593566	0.05675224
0.95936114	0.08135759
0.9593486	0.092567846
0.9593489	0.108788155
0.95934916	0.1431938
0.95934945	0.108588465
0.95934975	0.11476172
0.95935	0.11933171
0.95936304	0.060318947
0.95936334	0.15224493
0.9593721	0.074995145
0.9593681	0.10172263
0.95936835	0.14286877
0.95936865	0.11713001
0.9593774	0.06146665
0.9593607	0.1485936
0.9593525	0.23364721
0.9593485	0.10689406
0.95933187	0.15821889
0.95933217	0.10735866
0.9593409	0.08362168
0.9593327	0.12944439
0.95934147	0.07897727
0.95935017	0.06657519
0.95934623	0.13331763
0.9593507	0.06946144
0.95935524	0.09871572
0.9593597	0.079902455
0.95936	0.085182324
0.9593687	0.07126655
0.9593774	0.05967736
0.9593903	0.045750488
0.9593821	0.12867232
0.9593866	0.113240235
0.9593953	0.052804817
0.9593913	0.10237669
0.9594084	0.025198616
0.9593834	0.22016552
0.95938367	0.09445869
0.95938396	0.06643447
0.9593926	0.06752905
0.9594054	0.06439497
0.9593931	0.13412948
0.95938915	0.15206571
0.95937264	0.15643334
0.95936036	0.15968353
0.959369	0.08063036
0.9593609	0.1444613
0.9593486	0.18180925
0.95935726	0.065911986
0.95934916	0.09182066
0.95934945	0.089948066
0.9593372	0.19163261
0.95934165	0.080664404
0.95931685	0.2185979
0.959313	0.07310628
0.9593049	0.13857652
0.9592969	0.11098177
0.9593055	0.05142551
0.9592975	0.11074353
0.95928943	0.21046548
0.9592772	0.14005134
0.95929	0.021629453
0.9592986	0.072400324
0.95930725	0.06559434
0.9593034	0.084095344
0.9592995	0.10659956
0.9593081	0.05480053
0.9593125	0.091521025
0.9593211	0.05132154
0.95931727	0.09733734
0.9593134	0.12563622
0.9593054	0.1403413
0.95929325	0.13717784
0.95928115	0.15039647
0.95928556	0.08550218
0.95926934	0.13066296
0.95926964	0.08034549
0.95927817	0.0864871
0.95927846	0.12412496
0.959254	0.21699551
0.95925844	0.114060365
0.959267	0.067303285
0.9592673	0.106130555
0.9592676	0.0821569
0.959272	0.08493579
0.95928055	0.055857077
0.95928085	0.0956766
0.95928526	0.06836964
0.9592938	0.07885356
0.9592941	0.073112786
0.9592985	0.06081929
0.9592988	0.07753653
0.959299	0.07939065
0.95929116	0.18392755
0.9592668	0.19761367
0.9592589	0.1317872
0.9592756	0.023067806
0.9592718	0.11771462
0.9592598	0.24048975
0.95926833	0.073499456
0.9592727	0.06504964
0.959273	0.08625069
0.9592774	0.08443536
0.9592777	0.11712884
0.9592698	0.18873666
0.9592742	0.08497807
0.95928264	0.06809165
0.95928293	0.08471218
0.95927507	0.14105804
0.95928353	0.041502386
0.95927566	0.13393392
0.95928	0.06739068
0.9592885	0.08271499
0.9592847	0.15458283
0.9592891	0.09098315
0.9592934	0.06892798
0.9592815	0.19556175
0.9592899	0.06055272
0.95929426	0.054128125
0.9592824	0.16764294
0.95928675	0.06750998
0.9592789	0.13034311
0.95929134	0.06048707
0.9592957	0.116963156
0.95929193	0.12881944
0.95929223	0.12476322
0.9592966	0.1080202
0.95931304	0.044843383
0.9593052	0.110524505
0.9593015	0.11717
0.95931387	0.029000735
0.9593101	0.10544037
0.95931035	0.14207841
0.95931876	0.16203208
0.95932305	0.06868632
0.9593314	0.06487067
0.95933163	0.10593969
0.9593279	0.12611395
0.9593161	0.0967422
0.95932037	0.06771442
0.95932466	0.06742666
0.9593169	0.14444397
0.95930916	0.12573056
0.9593215	0.049555615
0.9593298	0.056632854
0.959326	0.10163994
0.9593343	0.05974782
0.95934665	0.07318193
0.95935494	0.08234371
0.9593592	0.12745215
0.9593675	0.027808914
0.95937175	0.08678034
0.959372	0.099444516
0.9593723	0.097610064
0.9593685	0.11665353
0.9593648	0.20080568
0.959377	0.048924133
0.9593773	0.09060437
0.9593615	0.17438689
0.9593658	0.06793031
0.95936203	0.122268245
0.95936227	0.06380997
0.9593546	0.16557932
0.9593588	0.07438052
0.95936304	0.07042501
0.95937127	0.06357068
0.9593755	0.07753971
0.9593638	0.15024263
0.95937604	0.025667481
0.9593882	0.056123715
0.9593964	0.06629521
0.9594046	0.070502944
0.9593929	0.11401721
0.9594011	0.04514898
0.9593974	0.11500426
0.9593896	0.1580614
0.9593899	0.1326204
0.9593822	0.12554303
0.9593864	0.10203164
0.9593827	0.17037703
0.959375	0.10284168
0.9593871	0.04518219
0.9593755	0.17164814
0.95938367	0.05544851
0.9593879	0.095577136
0.95938414	0.099711314
0.9593844	0.10628148
0.9593886	0.05867332
0.9593928	0.08214144
0.95940095	0.083472736
0.959413	0.04333223
0.9594211	0.054745004
0.9594253	0.11715749
0.95943344	0.11719773
0.9594297	0.11325425
0.9594181	0.15207365
0.9594223	0.05504366
0.95943034	0.047831908
0.9594306	0.10152472
0.9594308	0.102951676
0.95943105	0.07783858
0.95943123	0.10056114
0.95943147	0.06985375
0.95942384	0.11480043
0.9594241	0.095613584
0.9594204	0.098227955
0.95940495	0.17622276
0.95938945	0.14316696
0.95937794	0.13551922
0.9593782	0.0779559
0.9593784	0.08287676
0.9593748	0.1422791
0.959375	0.11148297
0.9593713	0.12244114
0.95937943	0.06913842
0.95937574	0.10967735
0.95936036	0.15224396
0.9593528	0.11354938
0.95936865	0.030642929
0.95936894	0.08502813
0.95938087	0.034322523
0.9593811	0.091724426
0.9593852	0.096474
0.95938545	0.07756944
0.95939744	0.052067704
