0.9	0.16072749
0.925	0.17841654
0.94	0.08494693
0.9425	0.09407228
0.946	0.12269443
0.94666666	0.12677854
0.95	0.075521655
0.95375	0.070754185
0.9488889	0.16663574
0.951	0.074725255
0.9509091	0.1420722
0.9525	0.109559156
0.95384616	0.062774494
0.95428574	0.111035235
0.9533333	0.1554032
0.955625	0.048908256
0.95705885	0.10299407
0.9572222	0.114956744
0.95842105	0.07443901
0.9575	0.09703605
0.95809525	0.07908244
0.95772725	0.1508596
0.9569565	0.2202609
0.95625	0.17939676
0.9564	0.08733546
0.95615387	0.08182733
0.95666665	0.0860764
0.9564286	0.08663047
0.95724136	0.054517988
0.9576667	0.13047431
0.9580645	0.080977574
0.9571875	0.20844522
0.9551515	0.16410427
0.9555882	0.09649969
0.9562857	0.039266154
0.95694447	0.07487638
0.957027	0.15477283
0.95657897	0.11927353
0.95666665	0.111548245
0.957	0.107049465
0.95731705	0.07767596
0.95690477	0.084433384
0.95744187	0.069535896
0.95772725	0.093732126
0.9573333	0.1510279
0.9573913	0.11739069
0.95787233	0.057248283
0.9575	0.11432011
0.9577551	0.053049088
0.9582	0.059949353
0.95843136	0.06789809
0.95884615	0.0674186
0.95867926	0.114862405
0.9590741	0.09078179
0.95945454	0.07442913
0.9598214	0.074138075
0.95982456	0.09158295
0.96	0.064929195
0.9601695	0.063795656
0.9601667	0.07890802
0.96016395	0.108586386
0.96048385	0.08589378
0.9601587	0.10833749
0.9596875	0.13927083
0.9593846	0.13503395
0.95954543	0.1054477
0.9597015	0.06187539
0.9597059	0.096319824
0.95942026	0.13560717
0.95985717	0.031270366
0.9597183	0.11580586
0.9601389	0.055380374
0.960137	0.10203634
0.96054053	0.074845664
0.9604	0.11334075
0.96039474	0.07163944
0.9606494	0.08188579
0.9601282	0.14340757
0.95974684	0.14961748
0.959375	0.16199723
0.9590123	0.23544146
0.9591463	0.063108
0.95915663	0.07934652
0.95940477	0.080230445
0.95941174	0.08485175
0.959186	0.14149278
0.95896554	0.15637219
0.9588636	0.1552867
0.9585393	0.15154633
0.9585556	0.159959
0.95824176	0.1322658
0.95836955	0.117406204
0.9583871	0.085409984
0.95840424	0.08750266
0.95842105	0.087611884
0.9583333	0.10325099
0.95835054	0.113360986
0.9580612	0.16473696
0.9579798	0.07536791
0.958	0.12535077
0.9582178	0.053410348
0.9583333	0.07854261
0.9583495	0.12064517
0.95855767	0.050039753
0.9581905	0.21651818
0.95801884	0.08920789
0.95831776	0.05072481
0.9583333	0.087891385
0.9582569	0.08694434
0.95836365	0.11173894
0.9581982	0.14700453
0.95848215	0.034941386
0.9586726	0.056473956
0.95842105	0.15330885
0.9586087	0.08763648
0.95862067	0.15767212
0.95871794	0.09658664
0.9587288	0.104902394
0.9587395	0.11111757
0.95875	0.13099153
0.9589256	0.055097796
0.9585246	0.20284659
0.95869917	0.054332107
0.95854837	0.11836025
0.9588	0.050385788
0.959127	0.024392605
0.95929134	0.061560687
0.95890623	0.2586614
0.95860463	0.15172012
0.9586923	0.06304177
0.958855	0.06287612
0.9590909	0.06317999
0.95909774	0.07468345
0.95902985	0.11550353
0.95903707	0.12199101
0.95911765	0.06957727
0.9591241	0.15554886
0.9591304	0.092809245
0.9592086	0.09398131
0.95914286	0.12121237
0.95893615	0.13621287
0.9588732	0.1532089
0.95867133	0.20925623
0.95868057	0.096931905
0.95862067	0.14753634
0.95856166	0.11413697
0.95863944	0.088756226
0.95885134	0.07061691
0.958792	0.09762532
0.9588	0.08341591
0.9586755	0.22032437
0.9582237	0.20744883
0.95830065	0.060008973
0.95837665	0.093894005
0.95812905	0.1919739
0.958141	0.09471932
0.95821655	0.07039321
0.9581646	0.111366175
0.9583648	0.055257063
0.9583125	0.11731343
0.958323	0.11743601
0.95839506	0.08606135
0.9585276	0.06647973
0.95859754	0.10277078
0.95860606	0.115192
0.95867467	0.09801027
0.9588024	0.12699099
0.9588095	0.09166832
0.9585799	0.21383281
0.95841175	0.16749066
0.95859647	0.063845344
0.9585465	0.08220676
0.95878613	0.03953524
0.9587931	0.12987858
0.9586857	0.10224774
0.95852274	0.20673725
0.9584181	0.13723779
0.95842695	0.09653187
0.9584916	0.09911574
0.9585	0.1040022
0.9585635	0.10410659
0.95840657	0.10287538
0.95825136	0.15469323
0.9582609	0.10325309
0.9581622	0.1768905
0.95827955	0.04864137
0.95834225	0.07243676
0.9582447	0.1493083
0.95830685	0.07738874
0.95842105	0.06776049
0.9582723	0.14134835
0.9583333	0.07217224
0.95823836	0.13049449
0.958299	0.05986269
0.9583077	0.13063435
0.9582653	0.102925256
0.95837563	0.08248878
0.95843434	0.08609345
0.9582412	0.12652974
0.9581	0.13421646
0.9580597	0.10538213
0.9580198	0.113076
0.9579803	0.12846588
0.9580882	0.06447193
0.958	0.21141964
0.95796114	0.107423924
0.9579227	0.12875794
0.95774037	0.22426613
0.9577512	0.09047961
0.95771426	0.13396531
0.9577725	0.07930193
0.9576887	0.1437133
0.9573709	0.25825417
0.9572897	0.16156311
0.9573488	0.06641172
0.95726854	0.152141
0.95723504	0.1585278
0.95729357	0.13466728
0.95726025	0.19838533
0.95736367	0.07448938
0.95728505	0.1401665
0.957027	0.18072455
0.95695066	0.09016898
0.95691967	0.094402224
0.9568	0.15322971
0.95681417	0.16326328
0.9569163	0.07030827
0.9567105	0.1970509
0.9568122	0.071817495
0.95691305	0.06724161
0.9569697	0.09056752
0.95685345	0.15427974
0.9566094	0.15343843
0.95653844	0.16669852
0.9564681	0.14215355
0.9563983	0.14418378
0.9563713	0.12492411
0.95634454	0.18136358
0.956318	0.1985915
0.9562917	0.09741419
0.9564315	0.056814484
0.95657027	0.0690597
0.9565021	0.11193533
0.9564344	0.15221828
0.956449	0.12351212
0.95634145	0.17473798
0.9563158	0.16121346
0.95637095	0.0653924
0.9564257	0.10707565
0.95644	0.08763708
0.95649403	0.12156258
0.956627	0.07451686
0.9566798	0.08341676
0.95669293	0.0720428
0.95666665	0.15154853
0.9565625	0.103020385
0.9566148	0.08999126
0.95655036	0.11270476
0.9564479	0.22478929
0.95623076	0.22392565
0.9562452	0.11483196
0.9561832	0.15496922
0.95627373	0.082214326
0.95613635	0.2910455
0.9560755	0.12797566
0.9561278	0.14859515
0.9562172	0.0719461
0.95619404	0.20990953
0.95624536	0.07547181
0.95614815	0.12214811
0.95616233	0.06359484
0.9561397	0.10862138
0.95604396	0.11537522
0.9560219	0.11708344
0.956	0.11898445
0.95594203	0.14713147
0.9559206	0.14708252
0.9560432	0.036086403
0.95605737	0.08696038
0.95607144	0.10723398
0.9560142	0.12594706
0.9560638	0.13087022
0.9561131	0.08282959
0.9559859	0.1913425
0.9560702	0.07952758
0.9561189	0.09117486
0.95609754	0.11704792
0.95621526	0.04629917
0.95609	0.16571112
0.956069	0.12510815
0.9561512	0.0626471
0.95613015	0.113447696
0.9561775	0.07575409
0.9561565	0.12562433
0.9561695	0.11355711
0.9562162	0.07625282
0.9561953	0.09781712
0.95614094	0.17411093
0.9562542	0.037540257
0.9562	0.120089054
0.95621264	0.09883495
0.9561921	0.11137796
0.95627064	0.05780648
0.95634866	0.08966377
0.9562623	0.18826799
0.95624185	0.1387257
0.9563518	0.05674328
0.95616883	0.19416207
0.95614886	0.10879019
0.95625806	0.06711037
0.95617366	0.12575985
0.9561859	0.08327204
0.95610225	0.15458143
0.95611465	0.098149545
0.95615876	0.08527994
0.95607597	0.18828903
0.9560883	0.091365345
0.956195	0.048115753
0.9562069	0.075835146
0.95625	0.10358582
0.9562617	0.11690784
0.9563044	0.08585217
0.9563158	0.09557078
0.9562963	0.09987393
0.9562769	0.12607381
0.956227	0.1326755
0.9563609	0.023207925
0.95634145	0.11576442
0.9562006	0.18617857
0.9561818	0.09823177
0.9561027	0.14050779
0.9560542	0.12585162
0.95597595	0.17455027
0.9560479	0.051879164
0.956	0.12719601
0.9560119	0.113905
0.95608306	0.07574627
0.9560947	0.11094993
0.9560472	0.09834671
0.956	0.11314532
0.95607036	0.05356453
0.95608187	0.0798241
0.95606416	0.1925736
0.9561337	0.09187502
0.9561449	0.1351141
0.956185	0.069303155
0.95628244	0.06304449
0.95635056	0.054198693
0.95636106	0.12575908
0.9563429	0.17767532
0.9563248	0.15957515
0.9564205	0.037485033
0.9565156	0.03180994
0.95646894	0.1729493
0.9563944	0.13733971
0.9563202	0.12866496
0.9562745	0.106561705
0.95631284	0.10669123
0.9563788	0.061714407
0.9563889	0.10144216
0.9563989	0.08183671
0.95640886	0.1054847
0.9563636	0.14720568
0.95637363	0.10134479
0.95643836	0.06985653
0.9564481	0.09585502
0.95640326	0.13419573
0.95641303	0.12086092
0.95642275	0.06868878
0.9564054	0.110123664
0.95644206	0.11495472
0.9564247	0.12044464
0.9564343	0.0837637
0.9564171	0.13914083
0.9564	0.1321712
0.956383	0.08707506
0.95633954	0.14134784
0.9563227	0.11401106
0.9562533	0.13416943
0.95607895	0.28208324
0.9561155	0.109087296
0.9562042	0.07602856
0.9562141	0.11906304
0.95622396	0.0976378
0.95615584	0.22740789
0.9561399	0.10740188
0.95625323	0.039159585
0.95628864	0.06929089
0.9562982	0.11436906
0.9561795	0.19645552
0.9561893	0.12965266
0.9562245	0.12799127
0.9562341	0.117015645
0.9562944	0.07910486
0.9563038	0.09143592
0.9563384	0.082675256
0.95632243	0.14302817
0.9562814	0.12953395
0.9561153	0.22183014
0.956175	0.051448654
0.95618457	0.1787415
0.9561443	0.14568734
0.95620346	0.062828906
0.9562129	0.08149058
0.95622224	0.07255262
0.9562069	0.11040538
0.95628995	0.048383594
0.9562745	0.11752368
0.9562347	0.104687184
0.9561951	0.13810985
0.9561557	0.10800008
0.9561651	0.080076024
0.9561501	0.11038984
0.95618355	0.087801695
0.9561928	0.10739939
0.95627403	0.054049615
0.956283	0.11173307
0.95626795	0.11778546
0.956253	0.1347762
0.9562857	0.06700205
0.95627075	0.10979393
0.9561848	0.17552215
0.95619386	0.12157818
0.95617926	0.12908435
0.9562353	0.07981371
0.9562676	0.07723818
0.9562998	0.09682427
0.95621496	0.18241991
0.9562005	0.1263631
0.9561628	0.16776785
0.9560789	0.17915432
0.9561574	0.058508698
0.9561432	0.11775856
0.9561521	0.09491536
0.95609194	0.1674695
0.956078	0.11634836
0.9561098	0.09101162
0.95616436	0.09999961
0.9562414	0.051245645
0.9562727	0.11945701
0.9561678	0.16891886
0.95610857	0.18199429
0.9560948	0.11219614
0.9561486	0.06221032
0.9561798	0.10232855
0.9560987	0.15876253
0.9561297	0.09172017
0.9561607	0.097084805
0.95619154	0.08843395
0.95622224	0.13203068
0.9562084	0.08601087
0.9562832	0.052313786
0.95622516	0.14221033
0.95614535	0.11670638
0.9561319	0.11077534
0.95598686	0.16794132
0.95597374	0.07393023
0.9559825	0.18309736
0.9559477	0.18503651
0.9559783	0.080604725
0.9560087	0.075884044
0.9561039	0.036237754
0.9561339	0.08438703
0.95609915	0.13646227
0.9559785	0.18411237
0.9559871	0.1118313
0.95603853	0.052127294
0.95608974	0.088877544
0.9560981	0.12234404
0.95610636	0.09776834
0.95609343	0.109098665
0.9560805	0.13395959
0.9560677	0.1578446
0.95613927	0.050618876
0.9561684	0.072396316
0.95613444	0.12521946
0.95612156	0.12722102
0.95615065	0.07989216
0.9562004	0.04502921
0.95620835	0.10355854
0.956237	0.08203752
0.9562241	0.09645643
0.95619047	0.1429349
0.95623964	0.081469685
0.9562268	0.09428504
0.9562346	0.074428216
0.9561602	0.16626625
0.95614755	0.13686232
0.95617586	0.06527421
0.95614284	0.10536665
0.9561711	0.08659635
0.9561585	0.11642596
0.95614606	0.12528406
0.9561336	0.12152702
0.9561212	0.10684412
0.956129	0.10776932
0.9561368	0.09965209
0.9562249	0.03775727
0.9561924	0.121214725
0.9562	0.109326385
0.95622754	0.07533245
0.95625496	0.09440975
0.9562624	0.07604397
0.95632935	0.050386857
0.9563564	0.07583768
0.9563241	0.1669814
0.95637083	0.06952093
0.95635825	0.14846967
0.9564047	0.102451324
0.9564118	0.098530255
0.9563992	0.099147595
0.95638674	0.1231016
0.9563548	0.14667682
0.9562451	0.19187337
0.95629126	0.064737245
0.95631784	0.100261666
0.9563443	0.12136509
0.956332	0.11671016
0.9563391	0.12270402
0.9563654	0.07521329
0.9563916	0.06484489
0.9563793	0.14123672
0.95636714	0.11644384
0.9564122	0.0392616
0.95638096	0.12238694
0.9563878	0.11173543
0.9564137	0.101839006
0.9564394	0.081355706
0.9564272	0.1592392
0.9564717	0.10750293
0.9564972	0.08438239
0.956485	0.11612314
0.9565291	0.074307136
0.956573	0.053484168
0.95652336	0.16802414
0.95656717	0.07966974
0.95655495	0.11676465
0.9565799	0.06784509
0.9565677	0.16722879
0.9565	0.17079332
0.956451	0.14122014
0.95645756	0.10820279
0.9564457	0.14155535
0.9564522	0.09797984
0.95647705	0.06065093
0.95650184	0.08822162
0.9564899	0.13228239
0.9565693	0.03499183
0.95663023	0.065522276
0.95656365	0.18194169
0.95660615	0.048592735
0.9565942	0.11023365
0.9565642	0.10957446
0.95658845	0.06998032
0.9565946	0.10059441
0.9565827	0.15050858
0.9565709	0.090768166
0.9566308	0.05305013
0.9565832	0.12418541
0.9565714	0.15356311
0.9565597	0.12555985
0.95651245	0.15232326
0.9564831	0.12039484
0.9565094	0.04962578
0.95649785	0.16384508
0.9564864	0.14642163
0.9564396	0.15071867
0.9564635	0.08425003
0.95643455	0.10687096
0.9564057	0.13367595
0.95644706	0.06506928
0.95645326	0.1095482
0.95645946	0.10191794
0.95648307	0.088236615
0.9565066	0.07814296
0.9564953	0.15813826
0.956484	0.12107063
0.9565247	0.08590135
0.95651346	0.16815865
0.95653677	0.09592635
0.9565255	0.123658985
0.95653147	0.07943535
0.9565374	0.12085302
0.9565433	0.098660134
0.9565151	0.15343352
0.956521	0.09017353
0.956544	0.0883287
0.9565669	0.1001019
0.9566067	0.084826685
0.95661247	0.07924339
0.9566351	0.074865855
0.95655626	0.18123424
0.95657897	0.107407734
0.9566184	0.082578205
0.95664096	0.09773915
0.9566802	0.06436334
0.9567025	0.089887
0.956708	0.11553904
0.95674694	0.055143666
0.956769	0.048785035
0.9567078	0.20073304
0.9566966	0.08765827
0.95671874	0.072456375
0.9567076	0.11491225
0.9567296	0.08301643
0.95678455	0.044681583
0.9567898	0.0962656
0.9567622	0.09975952
0.95675105	0.10680647
0.9567236	0.15011625
0.9567453	0.06629369
0.9567016	0.11929039
0.95662534	0.2684215
0.95664716	0.076360896
0.9566689	0.06175779
0.95669055	0.07612409
0.9566959	0.1691751
0.9567013	0.08845953
0.9566096	0.24929172
0.9565828	0.11929666
0.9565561	0.10284207
0.9565938	0.08503015
0.9566153	0.06662772
0.9565887	0.118159264
0.9565461	0.12339095
0.9565836	0.04737369
0.95658904	0.07838169
0.95657855	0.12732068
0.9566158	0.08085943
0.9566053	0.101884834
0.9566107	0.08415226
0.9565844	0.13596287
0.9565424	0.14473262
0.9565636	0.06845243
0.9565375	0.124872774
0.95654297	0.09618299
0.9565484	0.09608316
0.9565538	0.086671345
0.95659053	0.080869585
0.95656455	0.13974202
0.9565855	0.087051995
0.9565597	0.12075418
0.9565339	0.13384871
0.9565082	0.0962115
0.95649815	0.13058333
0.9564726	0.12082429
0.95647806	0.13303538
0.9564835	0.08658368
0.9564889	0.09132767
0.9565251	0.106158964
0.95654577	0.061078653
0.9565818	0.11897819
0.95661765	0.076562464
0.95666873	0.055268917
0.9566891	0.06995101
0.9566942	0.119662516
0.95672965	0.062178668
0.95678025	0.049704958
0.95678514	0.09161836
0.95679003	0.09389314
0.9567949	0.07883209
0.95673925	0.2204987
0.9567895	0.069373034
0.9568094	0.090670675
0.95685935	0.04805295
0.95686406	0.10884646
0.9567937	0.32003155
0.95679855	0.11066427
0.95678836	0.2793912
0.9567932	0.088944905
0.95678306	0.09856087
0.9567729	0.12223647
0.95671827	0.21077742
0.9566934	0.1157383
0.9566687	0.15772961
0.95665884	0.092285246
0.956649	0.15381268
0.95660967	0.19340679
0.9566294	0.11021457
0.9566638	0.065849915
0.9566834	0.095984295
0.95667356	0.09459302
0.95667845	0.10789853
0.9566833	0.13592963
0.95670277	0.11316119
0.956693	0.120519474
0.95671237	0.09321751
0.9567462	0.058426835
0.9567655	0.10740893
0.9567121	0.2158007
0.9567169	0.08084748
0.9567506	0.05019562
0.95674086	0.14542793
0.9567455	0.08857064
0.9567214	0.15922278
0.95672613	0.09833346
0.9567452	0.053137638
0.9567785	0.046765078
0.9568118	0.08592146
0.95678777	0.18287013
0.9568066	0.072987325
0.9567969	0.13432957
0.9567872	0.13686293
0.9567918	0.09648085
0.95679635	0.11780145
0.9568434	0.04555472
0.95684785	0.1445833
0.95688057	0.0704111
0.9568991	0.091592655
0.9569176	0.093802996
0.9569782	0.047470592
0.95698243	0.08407337
0.95701474	0.06781238
0.957061	0.045698382
0.95709306	0.0526256
0.95708317	0.09028874
0.9570872	0.15748124
0.9571052	0.07563295
0.9571093	0.13837643
0.95712715	0.06543886
0.95714504	0.09193546
0.9571767	0.12464538
0.9571391	0.13520166
0.9571845	0.050845414
0.9571746	0.11783884
0.9571923	0.066351205
0.9571961	0.13091086
0.9571862	0.12105639
0.9571764	0.14760149
0.95718026	0.1157829
0.95712936	0.1643102
0.95707864	0.13385324
0.9570416	0.11520635
0.9570593	0.060706425
0.95700884	0.1577211
0.95704013	0.096539505
0.957017	0.15197134
0.95702106	0.07976618
0.9570521	0.06944116
0.9570561	0.13144788
0.95710063	0.046061452
0.9571045	0.065208085
0.957068	0.15991448
0.95709884	0.06309338
0.9570759	0.10563864
0.9570664	0.12152928
0.95705694	0.116884194
0.9570742	0.07202919
0.95702475	0.17712492
0.9570287	0.11220312
0.957046	0.07275088
0.9570499	0.062835306
0.95704055	0.1298511
0.95700467	0.20800634
0.95699537	0.09137113
0.95699936	0.09249055
0.9569504	0.14656559
0.95696765	0.093392126
0.95699805	0.039711297
0.95701516	0.06137858
0.95705855	0.05653371
0.95707554	0.08562003
0.9571187	0.05653977
0.95713556	0.12811106
0.95715237	0.0891955
0.95710385	0.17718527
0.9571337	0.0635128
0.9571244	0.10743924
0.9571152	0.11558297
0.95709294	0.11761475
0.9570967	0.11087744
0.9570616	0.12238462
0.9570654	0.11285645
0.95706916	0.091695674
0.9571117	0.059271015
0.9570767	0.1428655
0.95704186	0.14604053
0.95705855	0.08251152
0.9570495	0.10160226
0.9570404	0.14766735
0.957057	0.070501894
0.9570224	0.17193514
0.9570262	0.10764863
0.95703	0.14058384
0.9570083	0.14542152
0.95698667	0.19611686
0.956965	0.1350592
0.9569181	0.13571821
0.956922	0.12406292
0.95693856	0.12851322
0.95691717	0.13965058
0.9569084	0.13608703
0.9569502	0.052784517
0.956954	0.08060915
0.95693266	0.17466033
0.9569491	0.0797008
0.9569906	0.02583469
0.95699435	0.123101585
0.9570106	0.0736793
0.95700186	0.11131172
0.9570056	0.13311052
0.9570094	0.13234012
0.95703804	0.063974395
0.9570417	0.08442461
0.9570205	0.14003016
0.95698696	0.20111525
0.9569907	0.1327097
0.9569821	0.13528256
0.95696104	0.098215364
0.95695245	0.10374641
0.95694387	0.1278908
0.9569476	0.1324963
0.9569514	0.083108604
0.95697975	0.04868029
0.9569589	0.15161352
0.95697486	0.06568317
0.95697856	0.110662505
0.95700675	0.08913762
0.95698595	0.11904959
0.95695305	0.15579954
0.9569202	0.20531087
0.9569361	0.09464959
0.9569155	0.15575434
0.95688283	0.1426845
0.95689875	0.062210694
0.9568904	0.10418779
0.95688206	0.12528823
0.9568617	0.12138598
0.95688957	0.049347773
0.95690536	0.071374
0.95692116	0.13075168
0.95687675	0.1689413
0.9568925	0.07356003
0.95689625	0.12834601
0.9569239	0.066605076
0.95696354	0.030274091
0.9569791	0.114118166
0.9569827	0.11059144
0.9569863	0.109830335
0.9570137	0.092726946
0.95695776	0.19602937
0.9569852	0.08951227
0.9569531	0.1296146
0.9569449	0.09663937
0.9569722	0.06417669
0.9569285	0.2207297
0.95688486	0.14533171
0.9569003	0.13343349
0.95691574	0.07371834
0.9569429	0.06392563
0.9569583	0.07411273
0.95692664	0.11281232
0.9569302	0.08871707
0.9569221	0.10083254
0.9569257	0.11595621
0.9569527	0.06613483
0.9569212	0.17136154
0.9569248	0.09142914
0.95694005	0.11540624
0.9569785	0.061404046
0.9569704	0.124869645
0.9569623	0.106647514
0.9569658	0.07957134
0.9569809	0.121986434
0.95699596	0.08538894
0.95697635	0.14292112
0.9569914	0.06031661
0.95696026	0.12772399
0.9569522	0.12615348
0.95696723	0.068499416
0.95693624	0.15643248
0.95693976	0.11728301
0.9569433	0.13072874
0.9569468	0.09659727
0.9569846	0.041671664
0.95701087	0.07300362
0.95701426	0.107440375
0.9569949	0.106862396
0.9569755	0.12666772
0.95700175	0.057328075
0.95698243	0.18675414
0.9569631	0.13016799
0.9569892	0.07877333
0.95698136	0.12570426
0.95697343	0.13902548
0.9569994	0.064124726
0.9570028	0.09235916
0.95702875	0.10842188
0.9570208	0.12491927
0.9570579	0.056074552
0.9570163	0.24428529
0.9570084	0.13773371
0.95702296	0.10034799
0.9570151	0.10129606
0.9570073	0.16538885
0.9570553	0.03282197
0.9570809	0.06993819
0.9570507	0.1790433
0.9570651	0.07358688
0.957035	0.16360083
0.9570272	0.113692306
0.9570083	0.13183258
0.9570227	0.06561629
0.9570703	0.031197883
0.9570846	0.08365223
0.95709884	0.07097947
0.95710206	0.14215536
0.9571052	0.13122544
0.9570974	0.10204009
0.95710063	0.10609607
0.9571038	0.0854105
0.9571289	0.04784739
0.95713204	0.11920953
0.95712423	0.12748455
0.9571274	0.15876387
0.95714146	0.090506464
0.95713365	0.111523114
0.9571259	0.106764086
0.95711815	0.09786522
0.9571104	0.07467107
0.95713526	0.09137139
0.9571492	0.07673368
0.957174	0.05762901
0.9571337	0.1418865
0.95708275	0.12157242
0.9570643	0.1423202
0.9570675	0.06300523
0.9570383	0.19736977
0.9570307	0.11186151
0.9570554	0.07228074
0.9570478	0.10367608
0.9570295	0.10122527
0.95706487	0.048783273
0.9570573	0.13093282
0.95708185	0.076549016
0.9570636	0.15313868
0.9570667	0.09834282
0.9570912	0.058571063
0.95708364	0.09633019
0.9571187	0.040889814
0.95712173	0.1070826
0.95714605	0.053791437
0.9571385	0.1022969
0.9571309	0.122435644
0.95713395	0.102723025
0.957137	0.06977606
0.9571506	0.059688773
0.95717466	0.07771792
0.9571882	0.120589904
0.95717007	0.12752265
0.9571836	0.10603032
0.95716554	0.11744231
0.9571685	0.09066456
0.957161	0.15694289
0.9571535	0.076026864
0.9571146	0.18208979
0.9570967	0.1420564
0.95705795	0.1474778
0.9570506	0.09563758
0.9570745	0.06242223
0.95704633	0.1506967
0.9570598	0.07813508
0.9570733	0.09111155
0.95706594	0.108727865
0.95703787	0.16647582
0.9570202	0.13228531
0.9570026	0.0996915
0.956985	0.12257262
0.95698816	0.08563362
0.9569603	0.12716107
0.95698404	0.06193347
0.95698714	0.09612064
0.9569697	0.13170792
0.95699334	0.08022314
0.9570067	0.06138885
0.9569892	0.13831478
0.95701283	0.07621512
0.9570261	0.10119151
0.95704955	0.05198542
0.9570526	0.1038361
0.95705557	0.094155654
0.9570382	0.12205226
0.9570616	0.06589118
0.95706457	0.13042952
0.95706755	0.06918149
0.957101	0.043602534
0.9570735	0.16433728
0.9570765	0.08372863
0.9570997	0.041999854
0.95711267	0.06170196
0.9571055	0.15369096
0.95710844	0.10133733
0.9571416	0.055844635
0.95714444	0.08853806
0.95716745	0.036682434
0.9571803	0.06718812
0.9571831	0.12626925
0.957186	0.08265583
0.9571888	0.12051113
0.95717156	0.15739813
0.9571744	0.11614635
0.9571473	0.2236674
0.9571501	0.17484923
0.95713305	0.14254777
0.95712596	0.13251258
0.9571487	0.06640282
0.9571416	0.107495815
0.9570948	0.26419652
0.9570679	0.13331515
0.9570708	0.10000762
0.95707375	0.09568924
0.9570766	0.10827217
0.95706964	0.08778651
0.9570824	0.0695286
0.957105	0.07160449
0.9570783	0.1465835
0.957091	0.11708164
0.95709383	0.14700745
0.95710653	0.10140047
0.957129	0.081407756
0.9571024	0.095307015
0.9571346	0.06084697
0.95716673	0.0629214
0.9571988	0.05131582
0.95718205	0.12946984
0.9572043	0.05553796
0.95723623	0.05440383
0.95718056	0.26716658
0.957193	0.06731165
0.9571957	0.07219796
0.957179	0.09769024
0.95718175	0.082817934
0.95717484	0.12886669
0.95714855	0.16446528
0.9571513	0.09539028
0.9571444	0.18567243
0.9571568	0.080531076
0.9571595	0.123383686
0.9571526	0.14563903
0.9571746	0.06463401
0.95718694	0.07552563
0.9571896	0.08395544
0.9572019	0.10009238
0.9572046	0.12614395
0.9572264	0.065173306
0.9572291	0.080150984
0.9571935	0.13469751
0.9572057	0.10056622
0.9571893	0.14059597
0.9572111	0.082865305
0.95722324	0.06877995
0.95722586	0.12396901
0.9572285	0.081169
0.95724064	0.07147771
0.95722425	0.14651154
0.9571985	0.13923146
0.9571633	0.16573068
0.9571565	0.09970311
0.95715916	0.14542538
0.9571713	0.0884021
0.95719284	0.045619704
0.9572143	0.10344362
0.9571793	0.17656149
0.9571725	0.10324988
0.9571658	0.13806894
0.95716846	0.115075074
0.95717114	0.06440542
0.9571831	0.07429018
0.957167	0.1246334
0.957151	0.13269266
0.9571443	0.1515649
0.9571563	0.055960283
0.9571403	0.14240502
0.9571523	0.08466948
0.95714563	0.119301535
0.9571483	0.10769411
0.95716023	0.10151535
0.9571258	0.17406301
0.9571377	0.070412695
0.9571496	0.073900044
0.9571707	0.054536354
0.95715487	0.15412772
0.957139	0.10851565
0.9571232	0.18772648
0.95716274	0.04365049
0.95716536	0.100748874
0.95715874	0.14339322
0.95716137	0.078427054
0.9571915	0.04373064
0.95714825	0.2031453
0.9571692	0.045725588
0.95715344	0.100228995
0.9571469	0.14781238
0.9571312	0.12518765
0.9571065	0.14814061
0.9571	0.12140847
0.95712084	0.088306315
0.9571417	0.06811821
0.9571352	0.10419131
0.9571287	0.14833009
0.9571313	0.07716441
0.957143	0.076420195
0.95715463	0.09452915
0.95710284	0.2459111
0.95710546	0.08559103
0.9570629	0.17469522
0.9570384	0.11766057
0.9570321	0.12914947
0.95705277	0.09341467
0.95705545	0.099485934
0.9570221	0.20285995
0.95702475	0.10758532
0.95701844	0.16930568
0.9570211	0.09407935
0.9570238	0.08152624
0.9570175	0.11725814
0.95704705	0.041224554
0.95702285	0.1327056
0.9570165	0.11711774
0.9570013	0.15017015
0.95697725	0.15904194
0.9569889	0.060925312
0.9570094	0.07184615
0.957012	0.11238348
0.95703244	0.05166779
0.95702624	0.15831833
0.95703775	0.08685053
0.9570226	0.14430769
0.9570341	0.07160904
0.9570633	0.08101333
0.95705706	0.105126135
0.9570508	0.1718121
0.9570446	0.12913676
0.9570825	0.02842596
0.9570939	0.0876123
0.9571052	0.08366216
0.957099	0.0805002
0.95706636	0.24013983
0.95706016	0.13689378
0.9570452	0.12759213
0.9570566	0.06949625
0.95708543	0.038585752
0.9570967	0.13190721
0.9571167	0.10783379
0.9570843	0.12586606
0.9570694	0.08621043
0.9570894	0.04987386
0.9570658	0.20021395
0.9570422	0.17452322
0.95703614	0.12736239
0.9570213	0.098634146
0.95704997	0.0390886
0.9570438	0.08887324
0.95703775	0.18438235
0.9570576	0.045719817
0.95707744	0.061850775
0.9570627	0.10996246
0.9570566	0.11367202
0.95704186	0.1045195
0.9570099	0.12888363
0.95699525	0.17065984
0.95700645	0.09293777
0.95700043	0.109769255
0.9569944	0.08644292
0.95700556	0.08033881
0.95701677	0.07183563
0.95703644	0.084731884
0.9570133	0.15115467
0.9570158	0.07029571
0.95700985	0.10141335
0.95702094	0.060054436
0.957032	0.09685859
0.9570175	0.091299966
0.95702857	0.07231051
0.9570311	0.11139754
0.9570166	0.15429291
0.95703614	0.06136009
0.9569962	0.18529771
0.9570072	0.054244444
0.9570352	0.07620959
0.9570377	0.08798314
0.9570402	0.153206
0.9570596	0.08470393
0.9570705	0.12605697
0.95705616	0.103861295
0.9570586	0.06407987
0.9570527	0.12095928
0.95706356	0.09514046
0.95704925	0.2048664
0.9570517	0.11196871
0.9570206	0.17038736
0.9570147	0.116842724
0.9570256	0.097979955
0.95703644	0.073774844
0.95706403	0.035790596
0.9570665	0.09873663
0.9570606	0.08885379
0.9570547	0.17466019
0.9570655	0.071241274
0.9570596	0.11191188
0.9570787	0.063872606
0.9570645	0.12294118
0.9570836	0.07265751
0.957086	0.0943022
0.95707184	0.09044977
0.9570411	0.16086596
0.9570435	0.09209405
0.95705426	0.13309588
0.9570567	0.10905606
0.95707566	0.050431915
0.9570698	0.14406878
0.95705575	0.13503985
0.95700043	0.2726334
0.95699465	0.094160005
0.9569724	0.13420501
0.9569749	0.13225673
0.9569938	0.089733936
0.9569881	0.14661154
0.957007	0.082367875
0.9570258	0.056977764
0.9570037	0.23331392
0.95702255	0.07106289
0.9570413	0.08372368
0.9570192	0.1818869
0.957038	0.05430489
0.95707303	0.043254714
0.95706725	0.12868053
0.9570371	0.16920716
0.95705575	0.07894573
0.95703375	0.236645
0.95699555	0.2246615
0.9570061	0.059594568
0.95701665	0.105648614
0.95702714	0.09450528
0.9570377	0.08437753
0.9570401	0.07621891
0.95704246	0.10790996
0.957061	0.05271425
0.9570472	0.14230822
0.9570496	0.08177356
0.95706815	0.07276265
0.95707047	0.119220674
0.95707285	0.09706619
0.9570752	0.12586226
0.95706147	0.1819157
0.95707184	0.104594775
0.95705014	0.15570264
0.95706856	0.05944277
0.95704687	0.19164033
0.95705724	0.08380797
0.9570356	0.21831638
0.957006	0.17801347
0.95700043	0.14837503
0.95701873	0.07957715
0.957053	0.035368793
0.9570474	0.12610532
0.9570338	0.1374032
0.95701236	0.17862774
0.9570306	0.080563076
0.9569853	0.17737429
0.9570115	0.054974485
0.957006	0.09378235
0.95702416	0.10034663
0.95700276	0.14011082
0.9569972	0.12981336
0.9570075	0.14636925
0.95702565	0.042823907
0.95701224	0.11263878
0.9570225	0.10831203
0.9569854	0.17525142
0.95697993	0.10979616
0.95699805	0.044157982
0.9570161	0.08359997
0.9570106	0.12438143
0.95701295	0.07612899
0.95703095	0.07775433
0.95701766	0.107966945
0.9570278	0.058656402
0.9570301	0.0771617
0.95704806	0.047214054
0.95703477	0.13262917
0.9570371	0.099583805
0.957055	0.05984093
0.9570417	0.12902738
0.957044	0.07533759
0.9570618	0.07462947
0.95707965	0.0480865
0.95707417	0.18337394
0.9570532	0.09371465
0.95705545	0.110256374
0.95708096	0.05330351
0.9570755	0.1144922
0.9570623	0.1055684
0.9570491	0.1032533
0.95704365	0.12060807
0.9570228	0.12372889
0.95702505	0.113385245
0.95701194	0.119255446
0.95702195	0.09151303
0.9570165	0.10713354
0.95703423	0.055499565
0.9570211	0.0980838
0.95702344	0.09820394
0.9570334	0.07201919
0.95703566	0.10122476
0.9570379	0.089593075
0.95701724	0.17634554
0.9570501	0.035973933
0.9570447	0.121989444
0.95703936	0.108168274
0.957034	0.1404622
0.9570362	0.07142675
0.9570461	0.061291967
0.95704836	0.09972963
0.9570278	0.14346027
0.9570528	0.05992115
0.95706266	0.09367775
0.9570649	0.09969558
0.95704436	0.11033631
0.95702386	0.121382125
0.9570034	0.19634472
0.9570208	0.053443123
0.95698524	0.16075528
0.95699507	0.09737222
0.9570049	0.08048265
0.95702225	0.06024214
0.95700186	0.18015908
0.95700413	0.09265378
0.9570064	0.08127079
0.95703125	0.049067784
0.95703346	0.1097005
0.9570507	0.05033957
0.9570529	0.112107866
0.95705515	0.08425247
0.95704234	0.12832208
0.95705956	0.059300117
0.95705426	0.12916954
0.95704895	0.1180667
0.9570661	0.08603185
0.95703846	0.17565401
0.95702577	0.13881055
0.9570056	0.19129775
0.9570153	0.1050433
0.95701003	0.11594538
0.9569974	0.13366295
0.9569922	0.10511286
0.95700186	0.07525951
0.9570115	0.06340485
0.95700634	0.09248915
0.95701593	0.095394954
0.957033	0.060140904
0.95706475	0.030774185
0.9570891	0.04536608
0.9571134	0.05314929
0.9571303	0.036206648
0.9571324	0.09375181
0.9571198	0.25248492
0.9571293	0.09989628
0.9571314	0.058378354
0.95713353	0.07360451
0.9571283	0.1394379
0.9571524	0.05190516
0.9571692	0.080824174
0.95714927	0.18557051
0.9571367	0.103909865
0.95713145	0.08059668
0.95714086	0.097026415
0.9571576	0.07325834
0.95716697	0.0692498
0.95716906	0.09401441
0.9572003	0.031706337
0.9571878	0.15891956
0.9571898	0.15310448
0.9572064	0.06645932
0.957223	0.059032843
0.9572105	0.121700905
0.957227	0.06669404
0.95721453	0.12269348
0.9572238	0.09114092
0.9572258	0.16890374
0.95722055	0.20044668
0.95723706	0.06987581
0.9572101	0.12909652
0.95721936	0.06339018
0.9571997	0.17653139
0.9571873	0.1678957
0.9571821	0.21506445
0.9572058	0.079881914
0.95721495	0.088245794
0.95720977	0.090245456
0.9572118	0.078969695
0.9572138	0.09806719
0.95720863	0.18059273
0.9572178	0.059808865
0.9572126	0.11128578
0.95719314	0.1447326
0.9571808	0.1310936
0.9571757	0.13762748
0.95718485	0.13749023
0.9571797	0.14537825
0.9571746	0.1188334
0.95715517	0.17390515
0.9571572	0.13912478
0.95717347	0.07429686
0.95718265	0.0770499
0.9571633	0.16093443
0.9571582	0.15091506
0.9571673	0.08505004
0.95717645	0.091512546
0.9571713	0.19294438
0.95715916	0.10875992
0.9571824	0.03609062
0.95717025	0.096016094
0.9571652	0.10870971
0.9571672	0.08640023
0.957148	0.11116729
0.95715004	0.076338
0.95713794	0.08252264
0.95715404	0.064994685
0.9571631	0.09247816
0.9571721	0.1006109
0.95718116	0.09992793
0.9571972	0.07482903
0.9571851	0.15616886
0.95718706	0.10390394
0.9572101	0.045533214
0.9572331	0.049393144
0.957228	0.088999175
0.95723	0.10594335
0.9572389	0.07071867
0.9572059	0.28230602
0.9571869	0.137362
0.9571819	0.10987625
0.9571908	0.09223557
0.9571997	0.05203309
0.9571599	0.2655855
0.9571758	0.0764018
0.9571708	0.114234574
0.9571658	0.09123401
0.95716083	0.07840433
0.9571836	0.06283454
0.9571717	0.14167018
0.95718753	0.052910663
0.95718944	0.081771284
0.9571983	0.13912801
0.9571934	0.09921186
0.9572022	0.10756487
0.9572111	0.08359412
0.95719224	0.13935141
0.9572011	0.093903884
0.95720303	0.07262004
0.9572187	0.08080511
0.9572	0.22025143
0.95719504	0.2403613
0.9572107	0.09968752
0.9572126	0.08003926
0.9572283	0.05791715
0.9572096	0.19871615
0.9571841	0.16667774
0.95717233	0.18578708
0.9571674	0.09078681
0.9571625	0.1460486
0.9571781	0.06284457
0.9571732	0.11204079
0.95715463	0.12274142
0.95713615	0.11348354
0.9571245	0.16865227
0.9571196	0.08449045
0.95712835	0.15636845
0.9571303	0.13243215
0.9571391	0.07042234
0.95715463	0.078842446
0.95714974	0.0984746
0.95715845	0.096256085
0.9571604	0.08962489
0.95717585	0.077774145
0.95719135	0.08962368
0.95716614	0.16978733
0.95718837	0.04585259
0.9571835	0.1312477
0.95720565	0.048818212
0.9572008	0.15393902
0.9572027	0.1097066
0.9572113	0.05558362
0.95721996	0.061921403
0.957242	0.046857055
0.9572506	0.05399569
0.9572592	0.10532496
0.9572543	0.14126138
0.9572628	0.06733348
0.957258	0.13753861
0.957233	0.21823688
0.95725495	0.046234325
0.9572568	0.08973473
0.95727867	0.05385092
0.95729387	0.075523525
0.957289	0.12878762
0.95728415	0.12380744
0.95725924	0.15094863
0.95724773	0.11910966
0.95726293	0.091731384
0.9572514	0.16337386
0.95722663	0.21829489
0.9572218	0.12087307
0.95723695	0.057305314
0.9572454	0.10083781
0.95726055	0.07026257
0.95726895	0.16094951
0.9572509	0.1697226
0.957213	0.18146099
0.957195	0.17178807
0.95719683	0.11013559
0.9572119	0.052369293
0.9571807	0.20786652
0.95716274	0.14413804
0.95716465	0.094987504
0.9571533	0.15761974
0.9571618	0.12300744
0.95717025	0.05317523
0.95716554	0.120816186
0.95716083	0.102484375
0.9571627	0.11567168
0.9571645	0.12618886
0.95717955	0.059684597
0.95717484	0.12964469
0.9571767	0.13694532
0.95717853	0.08338621
0.95719343	0.06099013
0.9571822	0.0876786
0.9571906	0.05302121
0.9571728	0.09675711
0.9571812	0.09806858
0.95718956	0.06538837
0.95721745	0.027406754
0.95721275	0.094430916
0.9572081	0.13162787
0.9572164	0.06542454
0.9572247	0.10617032
0.957233	0.10556766
0.9572283	0.09342164
0.95722365	0.09493658
0.95721895	0.12044938
0.9572078	0.11521047
0.9572096	0.08361946
0.95719844	0.10084555
0.9571938	0.13725169
0.9572085	0.0878162
0.95720387	0.1052957
0.9571992	0.07373228
0.95716876	0.18337227
0.95715123	0.19048044
0.9571595	0.06880677
0.9571678	0.08078537
0.9571567	0.13711229
0.95712	0.1880106
0.95712185	0.10109071
0.9571044	0.12542365
0.9571191	0.04969644
0.95712095	0.11706679
0.95711	0.20189197
0.95711184	0.08975959
0.95708805	0.16053768
0.95709634	0.061613522
0.9570918	0.08512548
0.95708084	0.10891703
0.9570955	0.048311688
0.957091	0.11089539
0.95708644	0.1291302
0.9570883	0.098172575
0.95709014	0.09933356
0.95709836	0.09873418
0.9570875	0.13108295
0.95708936	0.07069009
0.9571103	0.048197046
0.9570994	0.1105412
0.9571012	0.15402648
0.95711577	0.14894772
0.95712394	0.078217484
0.9571384	0.0407731
0.9571276	0.13888068
0.95712304	0.10450034
0.9571186	0.110631086
0.9571267	0.086338796
0.95714116	0.06476903
0.95713663	0.113862336
0.95713216	0.17336464
0.95713395	0.08088156
0.95710427	0.18450306
0.95712495	0.050461754
0.9571268	0.07532458
0.95714116	0.05810189
0.95714295	0.10172114
0.957151	0.068528034
0.9571591	0.08894222
0.9571546	0.16599402
0.9571501	0.13342777
0.9571394	0.12736374
0.95710987	0.14640026
0.9570929	0.12934539
0.957101	0.08673393
0.95712155	0.029630747
0.9571108	0.16692434
0.95710015	0.124466635
0.9571082	0.08118496
0.9571038	0.100260995
0.9571056	0.064992234
0.95710737	0.11775151
0.95710295	0.0890892
0.957111	0.09739943
0.9571128	0.11679493
0.9571332	0.09851242
0.95714116	0.1016903
0.95714295	0.102968544
0.95715094	0.075599335
0.9571279	0.19184849
0.95713586	0.074768454
0.95713145	0.17590311
0.95713323	0.11746407
0.95714736	0.07920728
0.9571553	0.08297231
0.9571571	0.13241833
0.95717114	0.04948405
0.95716053	0.12754919
0.9571623	0.11905024
0.9571579	0.08675993
0.9571658	0.089696415
0.9571552	0.1268128
0.9571508	0.10602685
0.95715874	0.10546508
0.9571789	0.08180835
0.9571622	0.2142858
0.95715785	0.121740505
0.9571841	0.05626169
0.9571858	0.12493212
0.95719975	0.06188386
0.9571709	0.20085448
0.9571787	0.05663889
0.9571866	0.079657696
0.9571761	0.13175012
0.9571839	0.067588985
0.95716125	0.18818936
0.9571812	0.049450193
0.9571586	0.17211987
0.9571786	0.050043277
0.9571803	0.08942567
0.95716375	0.1726539
0.95717764	0.060138173
0.9571551	0.14017366
0.95715076	0.18350726
0.9571343	0.13748656
0.9571239	0.1248628
0.95712566	0.11910282
0.9571092	0.1135465
0.9571291	0.049155522
0.95711875	0.14080955
0.95713866	0.05670028
0.95712227	0.1663054
0.957118	0.12560989
0.9571016	0.16142441
0.9571034	0.08780016
0.9570991	0.08887008
0.95711285	0.05835189
0.95710856	0.096666306
0.9571043	0.112617664
0.95710605	0.152427
0.9571138	0.07341212
0.95711553	0.15085903
0.9571052	0.12929152
0.957089	0.15698569
0.95709676	0.07313617
0.95709246	0.17505866
0.9571002	0.06971166
0.957096	0.115597785
0.95709175	0.17889935
0.9571054	0.046486065
0.95708925	0.15723506
0.9571029	0.057383157
0.9571106	0.09866584
0.95710635	0.17156583
0.95712	0.077060625
0.95711577	0.13893919
0.9571056	0.085118875
0.9570894	0.122278005
0.95708525	0.11293327
0.957087	0.16017346
0.95708275	0.112565406
0.9570786	0.08452038
0.95707434	0.11397267
0.95708203	0.058289364
0.9571015	0.05204063
0.9570973	0.13848896
0.9570931	0.12107193
0.9570771	0.1772415
0.9570729	0.1401224
0.95708644	0.06702794
0.9570941	0.12698954
0.9570958	0.083084255
0.9571034	0.13811253
0.9571051	0.1042485
0.9570833	0.18301073
0.9570673	0.141048
0.9570926	0.05135015
0.957106	0.040034365
0.95711946	0.09661689
0.9571153	0.07096038
0.9570994	0.14460276
0.95712453	0.053795148
0.95713204	0.07419074
0.95712787	0.07741668
0.9571413	0.04841435
0.95715463	0.06529781
0.957168	0.06959281
0.9571463	0.2537195
0.9571363	0.091578886
0.95715547	0.057902966
0.9571279	0.16064584
0.95713544	0.08074373
0.9571488	0.08009985
0.9571504	0.10141168
0.9571346	0.10951594
0.95712465	0.13442154
0.9571089	0.16155739
0.95709896	0.14837714
0.95707744	0.16122894
0.957056	0.16798443
0.95705765	0.08357969
0.9570594	0.10714362
0.95706105	0.07521397
0.95706856	0.09227794
0.9570876	0.044016615
0.9570893	0.08463652
0.95709676	0.086826414
0.9570811	0.2149114
0.9570828	0.10077346
0.95709026	0.09257863
0.95708036	0.1280853
0.95705324	0.19789125
0.9570607	0.07391231
0.95704514	0.16087335
0.9570296	0.11728896
0.9570256	0.09274034
0.95701003	0.14593758
0.9570003	0.13215053
0.95700777	0.095058374
0.9570152	0.06816417
0.9570341	0.045335937
0.95703006	0.12530532
0.95704323	0.048912216
0.95703346	0.13692355
0.95704085	0.07900721
0.9570483	0.09372595
0.95704424	0.20944014
0.95705736	0.07726156
0.95707613	0.051561475
0.9570778	0.11116993
0.9570852	0.07024452
0.9571039	0.06804087
0.9570771	0.16125232
0.95707875	0.11610109
0.9570861	0.10406854
0.9570934	0.07081838
0.9570894	0.12081464
0.95709676	0.106098264
0.957104	0.06577492
0.9570887	0.17973888
0.957079	0.18264969
0.9570863	0.12184178
0.957088	0.07186265
0.9570896	0.1155377
0.9570856	0.11295247
0.9570816	0.11572572
0.95709455	0.073005185
0.95709056	0.09036559
0.95706964	0.19969049
0.9570544	0.12789887
0.95706165	0.09712242
0.95705205	0.16220848
0.95703685	0.13915323
0.9570329	0.11948243
0.9570233	0.11038899
0.9570138	0.13053916
0.95702666	0.065193385
0.9570115	0.1550318
0.9570244	0.06603077
0.95700926	0.15964259
0.95702773	0.067979
0.9570294	0.07451232
0.9570478	0.03079613
0.9570495	0.081120536
0.95704556	0.12260165
0.9570472	0.10298753
0.9570433	0.104590386
0.9570226	0.1697632
0.9570298	0.09750323
0.9570148	0.13830881
0.957022	0.07733627
0.9570292	0.072396725
0.9570142	0.09609659
0.95702696	0.07393574
0.9570342	0.079658106
0.9570414	0.10290616
0.9570319	0.09281566
0.95704466	0.06258397
0.9570352	0.103418544
0.95700914	0.20867881
0.9569997	0.14384812
0.9570125	0.062489815
0.9570141	0.086421564
0.95702684	0.06417561
0.95703954	0.05158666
0.9570577	0.055012945
0.9570483	0.12314067
0.957061	0.063107856
0.9570736	0.07550774
0.9570697	0.107862994
0.95707685	0.07189318
0.95708394	0.15936986
0.95708555	0.1073213
0.95707065	0.14295273
0.9570613	0.15716639
0.9570574	0.21773946
0.957059	0.087763615
0.9570661	0.07226305
0.95706224	0.0970909
0.9570748	0.06764716
0.95707095	0.095287874
0.9570835	0.055621494
0.95709604	0.08096784
0.95709217	0.09944398
0.9570883	0.10315504
0.95707893	0.11397304
0.95706415	0.15462404
0.95707667	0.07410352
0.9570619	0.15049125
0.9570744	0.058506116
0.9570597	0.21383962
0.95708305	0.041096725
0.95708466	0.11334791
0.95706445	0.17328224
0.95706606	0.1514196
0.9570731	0.09441706
0.9570801	0.09427251
0.9570708	0.15471068
0.9570887	0.042399373
0.95708483	0.09102247
0.95709187	0.080598414
0.95711505	0.028693667
0.95709497	0.14503609
0.9570857	0.12204804
0.9570495	0.3119693
0.95705646	0.091493234
0.95704186	0.1699879
0.9570327	0.08200751
0.9570343	0.11873687
0.9570305	0.12723058
0.95702666	0.11512494
0.9570121	0.12860648
0.9569976	0.120155886
0.9570046	0.1007018
0.9570062	0.12793459
0.9569917	0.19739899
0.9569879	0.113422066
0.9570056	0.059294213
0.95699114	0.16552122
0.95699275	0.13125871
0.9569837	0.09955492
0.95699066	0.10279346
0.95701367	0.061997697
0.9569992	0.17456219
0.9570008	0.10861615
0.95700777	0.07171834
0.9570147	0.08208947
0.9570323	0.05523315
0.9570339	0.08256893
0.9570408	0.08931783
0.95703703	0.119046785
0.95704395	0.11364893
0.9570615	0.057199076
0.9570684	0.07005547
0.95707	0.13361031
0.9570609	0.12557407
0.9570837	0.040757805
0.9571012	0.08003779
0.957108	0.07062605
0.95710427	0.09579734
0.9571005	0.10552866
0.9571179	0.07794467
0.9570983	0.19942881
0.95708925	0.19606487
0.95709604	0.08157225
0.9570923	0.080948494
0.95709914	0.05663237
0.95710593	0.093929425
0.9571127	0.06861901
0.957109	0.1370314
0.9571	0.13657245
0.9570962	0.103476666
0.95711356	0.08581873
0.9571256	0.06526197
0.95713764	0.0510721
0.9571234	0.15245254
0.95711964	0.10249278
0.9571054	0.14458472
0.95709115	0.13288863
0.9570874	0.09953281
0.9570942	0.14985041
0.957101	0.1317808
0.9571182	0.061246585
0.95712495	0.1185207
0.9571369	0.06747042
0.95714366	0.10639249
0.95715564	0.06764091
0.95714664	0.090326875
0.9571377	0.11363902
0.95713395	0.12088087
0.957125	0.12990122
0.95713174	0.06489078
0.9571124	0.20808253
0.9571035	0.12397278
0.95711017	0.07804187
0.9571221	0.06232192
0.9571236	0.08001669
0.9571303	0.12991838
0.9571162	0.16702415
0.9571125	0.10045468
0.957114	0.09969707
0.95712066	0.08721063
0.9571222	0.093544915
0.9571237	0.10586102
0.9571148	0.1328244
0.9571111	0.12125943
0.95710224	0.1596285
0.9571089	0.11220775
0.9571156	0.08370233
0.95712227	0.10964038
0.95713925	0.035644356
0.9571304	0.12616484
0.9571422	0.04775615
0.95714366	0.0823514
0.95714515	0.12900735
0.9571569	0.0626481
0.95715326	0.08725656
0.9571701	0.038720243
0.95717674	0.112797126
0.9571679	0.09965819
0.95717967	0.09006164
0.9571811	0.09723947
0.95718765	0.10294652
0.95719427	0.058731824
0.9572008	0.07694354
0.9572074	0.0863972
0.95721394	0.10280531
0.95721024	0.12984619
0.9572117	0.11827879
0.9572131	0.10885703
0.9572094	0.10505885
0.9572057	0.12589358
0.957202	0.11329514
0.95718306	0.19314234
0.9571845	0.07047346
0.9571706	0.23461369
0.95717204	0.12106146
0.95716333	0.10164195
0.95716476	0.0950772
0.9571764	0.0703192
0.9571778	0.10529525
0.9571742	0.124873
0.95716035	0.14866589
0.9571567	0.15917547
0.95714295	0.13458966
0.9571393	0.1178313
0.9571509	0.07598668
0.95715743	0.08816473
0.95715886	0.11427402
0.95716536	0.07457738
0.95717186	0.08453978
0.95717835	0.054630946
0.95718485	0.07400406
0.9571913	0.078493856
0.95720786	0.03497852
0.95721436	0.07919136
0.9572107	0.11703993
0.9572121	0.08768956
0.95720845	0.112700865
0.9572048	0.12668976
0.95721126	0.07426767
0.95722777	0.035039175
0.9572292	0.08214901
0.95723057	0.10290087
0.95722693	0.15699017
0.9572283	0.0997894
0.95722973	0.089690425
0.9572211	0.09213526
0.95721245	0.19067149
0.9572088	0.101388894
0.95722026	0.06675476
0.9572166	0.16551107
0.957198	0.1105905
0.9572144	0.063164376
0.9572008	0.17109215
0.9572022	0.13787371
0.9571836	0.13566719
0.95718	0.09784017
0.9571914	0.06371327
0.95719284	0.07914848
0.95720416	0.11217056
0.95721555	0.07133779
0.9572319	0.05215144
0.95723325	0.08665238
0.9572446	0.091715515
0.95725095	0.08507018
0.95722246	0.21547602
0.9572338	0.07821213
0.9572451	0.0621794
0.9572465	0.12759857
0.95724785	0.09431351
0.9572343	0.13846675
0.95723075	0.15232357
0.9572272	0.08589462
0.9572186	0.13581258
0.95722	0.11031751
0.9572016	0.16225488
0.9571832	0.19893473
0.95718455	0.14494523
0.9571959	0.04788208
0.95717746	0.18516868
0.95718384	0.08078469
0.95718026	0.08504879
0.9571915	0.06570151
0.9571929	0.104964904
0.9571992	0.0686172
0.9572006	0.12063695
0.95719707	0.07972612
0.95721316	0.16337499
0.95721453	0.075107165
0.9572159	0.120805174
0.95720255	0.12954332
0.9571941	0.15982234
0.9572004	0.07373318
0.95720667	0.08968954
0.9572129	0.11349277
0.9571898	0.2100097
0.9572059	0.05408677
0.95718765	0.15978374
0.95718414	0.11197227
0.95717573	0.1212602
0.95714784	0.15245973
0.9571443	0.11051512
0.957136	0.09779279
0.9571471	0.06421921
0.95715827	0.12147463
0.95715475	0.16532092
0.9571318	0.18793237
0.95713806	0.120285384
0.95713943	0.11565323
0.957136	0.13163252
0.9571325	0.123149045
0.9571339	0.056918997
0.9571353	0.08577367
0.9571367	0.10396921
0.95713806	0.12465013
0.95715404	0.074558385
0.957136	0.13654307
0.95715195	0.06467475
0.9571436	0.18470219
0.9571208	0.13988261
0.9571125	0.079706386
0.95709455	0.17007571
0.9571008	0.08130763
0.957107	0.05716177
0.95710844	0.093407586
0.95711946	0.0779712
0.9571353	0.03708243
0.9571319	0.11065194
0.95712364	0.11520362
0.9571106	0.15513845
0.95710236	0.13668525
0.95709413	0.14496087
0.95710033	0.07736762
0.95710653	0.052523736
0.9570983	0.146868
0.9571093	0.051927276
0.95712507	0.04581181
0.9571265	0.11965136
0.95713747	0.08336702
0.95714843	0.054140788
0.9571354	0.19457644
0.957132	0.100383066
0.95714295	0.06893951
0.9571491	0.08649054
0.95714563	0.11074812
0.95715183	0.0761742
0.95715797	0.07892363
0.95714974	0.14499326
0.95713204	0.1752514
0.9571382	0.07060644
0.9571395	0.075779915
0.9571504	0.062605865
0.9571613	0.056587003
0.95716745	0.06439775
0.9571545	0.10599142
0.95714635	0.15616496
0.95714295	0.09513769
0.95714426	0.101813175
0.95713615	0.14076425
0.9571232	0.15774557
0.9571246	0.112835914
0.9571355	0.0534943
0.95712733	0.2003241
0.95710975	0.1452386
0.9571253	0.04914914
0.95713615	0.06896564
0.95714223	0.09102157
0.9571389	0.08448172
0.9571355	0.093902685
0.9571463	0.06237643
0.9571571	0.097640954
0.95714897	0.16730167
0.95713145	0.20040336
0.95714223	0.05590843
0.9571389	0.114860296
0.9571355	0.10943788
0.95713216	0.17515804
0.9571241	0.14449257
0.9571113	0.15398663
0.95711267	0.12640123
0.95711404	0.12461176
0.9570966	0.17701079
0.9570886	0.14004219
0.9570946	0.19032022
0.9570819	0.1780989
0.95707387	0.1566305
0.95707995	0.07423171
0.95707196	0.13356568
0.9570874	0.051213805
0.95708877	0.12469298
0.9570807	0.12197685
0.9570634	0.12764657
0.95706475	0.09406802
0.9570802	0.069816604
0.9571002	0.035773378
0.9571016	0.10082929
0.9571029	0.06797006
0.9571136	0.089368686
0.9571243	0.049825817
0.95713496	0.07060463
0.9571363	0.069976546
0.9571283	0.13944468
0.9571203	0.122916676
0.9571356	0.04998724
0.9571323	0.16701132
0.95713365	0.08239662
0.95713496	0.10271083
0.9571316	0.09387361
0.9571237	0.22058345
0.957125	0.12398503
0.957131	0.10320838
0.957137	0.080251396
0.95714295	0.083768375
0.9571535	0.08336414
0.9571548	0.11414987
0.9571561	0.10434761
0.95715284	0.11590037
0.9571495	0.16555075
0.95715547	0.11585689
0.9571383	0.16962254
0.95714426	0.105786994
0.95713633	0.16227028
0.9571423	0.08321181
0.95715743	0.054972664
0.9571495	0.113550864
0.95716006	0.059956923
0.95714295	0.18001118
0.95714426	0.0926012
0.95713633	0.118700616
0.9571423	0.09488067
0.9571528	0.042534012
0.9571541	0.09594441
0.9571554	0.10227041
0.95716125	0.07833501
0.95715797	0.16891024
0.95716846	0.06493457
0.9571606	0.13013576
0.9571527	0.28553882
0.95715404	0.098151386
0.95715076	0.11649308
0.9571612	0.08896702
0.9571534	0.14567845
0.9571501	0.1467268
0.9571514	0.11913429
0.9571527	0.13701706
0.95714945	0.13867553
0.9571325	0.15422393
0.9571475	0.051727876
0.9571442	0.12791076
0.9571501	0.11318223
0.9571468	0.103258364
0.9571572	0.061148204
0.9571676	0.055182587
0.957178	0.07613158
0.9571747	0.099549435
0.9571851	0.05588467
0.9572	0.05259326
0.95718765	0.17801926
0.9571935	0.076361015
0.9571766	0.21311012
0.95718694	0.05774321
0.9571928	0.10695687
0.95718044	0.19479807
0.9571862	0.06852906
0.95719653	0.05693615
0.95719784	0.13664798
0.95719004	0.1464957
0.95719135	0.08037345
0.95718354	0.1098874
0.9571713	0.120231874
0.9571771	0.086693704
0.9571513	0.17261247
0.9571526	0.108001575
0.9571584	0.1372332
0.95715517	0.11788986
0.95715195	0.13681369
0.95713973	0.14833224
0.9571275	0.16623577
0.9571063	0.24121359
0.95708966	0.17973395
0.9570775	0.17610972
0.9570698	0.16308306
0.9570756	0.12850685
0.95706797	0.15187776
0.95707375	0.12565738
0.9570795	0.112131365
0.9570943	0.043841526
0.9571001	0.06490918
0.9571058	0.082919054
0.95710266	0.069340765
0.95710844	0.09610119
0.95710975	0.073872186
0.9571244	0.08171281
0.9571257	0.09110532
0.95711803	0.17016736
0.9571238	0.05692192
0.9571206	0.1437442
0.9571264	0.0889046
0.957141	0.055690777
0.9571512	0.07796311
0.957148	0.08822859
0.95714486	0.13177435
0.95715946	0.09122341
0.9571607	0.12907457
0.9571575	0.115513586
0.9571721	0.06285061
0.9571867	0.06437285
0.9571746	0.17184673
0.9571892	0.048726946
0.9571904	0.099578746
0.95718724	0.11812224
0.9571752	0.2085486
0.95717645	0.14174645
0.9571865	0.06399473
0.95719224	0.11646566
0.9571846	0.14773494
0.9571726	0.18932234
0.9571694	0.2094646
0.95717067	0.105746955
0.9571763	0.0725982
0.957182	0.13703799
0.95719206	0.057565548
0.9571845	0.14056407
0.95718133	0.120678194
0.9571826	0.104997255
0.9571838	0.118478715
0.95718503	0.08509356
0.9571863	0.11521227
0.9572051	0.03721945
0.95720196	0.13695976
0.957212	0.05872633
0.95721316	0.100210905
0.95721	0.087366104
0.95720685	0.11715415
0.9571949	0.17395014
0.9571961	0.07211028
0.95717984	0.17070003
0.9571811	0.07037981
0.95719105	0.06479075
0.95719665	0.112557605
0.95720667	0.09810792
0.9572122	0.10120102
0.9572178	0.064520456
0.95721465	0.081886664
0.95722896	0.07843728
0.95723456	0.07760019
0.9572401	0.094263114
0.95725006	0.07993007
0.9572556	0.06751618
0.9572481	0.13408604
0.9572493	0.13961378
0.9572418	0.13393909
0.9572473	0.099183045
0.95724416	0.09699085
0.95724535	0.10416096
0.9572292	0.1505778
0.95723474	0.097959355
0.9572403	0.07663487
0.9572502	0.057884745
0.95726436	0.057489257
0.9572612	0.078375965
0.95726675	0.08548915
0.95725924	0.13783103
0.95726043	0.097270586
0.95727026	0.10289871
0.9572758	0.07404868
0.95727694	0.098137684
0.95727813	0.09406297
0.9572707	0.1342058
0.95727617	0.08050294
0.95727736	0.1433893
0.95727855	0.115981705
0.9572797	0.102221616
0.9572809	0.10477394
0.95728636	0.08574758
0.9572832	0.10582671
0.9573016	0.030998299
0.95729846	0.12943691
0.9572953	0.11745698
0.9572922	0.112529114
0.957302	0.097886674
0.957316	0.05207118
0.9573172	0.117276505
0.9573183	0.095686875
0.95731944	0.08621268
0.95730346	0.17969301
0.9573046	0.09406497
0.9573015	0.11291514
0.95731974	0.029996146
0.9573252	0.06588188
0.9573349	0.103122815
0.9573446	0.07515647
0.9573543	0.10108347
0.95734686	0.13483398
0.9573565	0.06921594
0.9573491	0.15108128
0.95735025	0.08734707
0.9573514	0.13590859
0.9573568	0.060540844
0.95734936	0.1358267
0.95733774	0.14377497
0.9573218	0.22848803
0.9573315	0.05178799
0.95731986	0.15153335
0.9573252	0.06517513
0.95733917	0.0585218
0.9573403	0.08639966
0.95732015	0.17061073
0.95731705	0.11720297
0.95732665	0.053548235
0.9573278	0.07818654
0.957312	0.16210316
0.95731735	0.07016598
0.9573185	0.10428877
0.9573196	0.08882184
0.9573038	0.16500157
0.9573092	0.106866255
0.9572976	0.20098881
0.9573072	0.055964705
0.95729995	0.15101679
0.9573053	0.117907695
0.95730644	0.10737671
0.9572991	0.16042295
0.9572961	0.10736778
0.95730144	0.14294276
0.95729834	0.098770246
0.9573037	0.121119045
0.957309	0.097840436
0.95730597	0.12604034
0.9573113	0.07974865
0.95731664	0.070130065
0.9572967	0.16494542
0.95728105	0.14494222
0.9572948	0.07677026
0.95729595	0.09414139
0.9572845	0.15153396
0.9572814	0.09054181
0.95728254	0.1236016
0.9572879	0.09834614
0.9572932	0.08852717
0.95729434	0.08362034
0.9572997	0.0710148
0.9573092	0.04358549
0.9573103	0.12889765
0.95730305	0.14620721
0.9573	0.10642977
0.9573053	0.06970992
0.9573106	0.05976531
0.95731175	0.08885357
0.95730454	0.1046547
0.95730567	0.11810255
0.9573151	0.062855706
0.9573079	0.120314084
0.957309	0.07943007
0.9572976	0.10602394
0.9572946	0.13820891
0.95730406	0.063597
0.95729685	0.07354201
0.9572938	0.1135739
0.95729077	0.08484438
0.9572836	0.13837118
0.95726395	0.14461859
0.95726925	0.08518739
0.9572662	0.10965181
0.9572757	0.06577903
0.9572768	0.1487578
0.9572779	0.089011155
0.9572915	0.038098406
0.9572926	0.13929051
0.9572813	0.21818036
0.95726585	0.16368881
0.9572753	0.0684925
0.9572764	0.09581104
0.95726925	0.10736686
0.9572745	0.099966146
0.9572839	0.047401484
0.95728093	0.10350868
0.9572903	0.04667889
0.95730376	0.050072905
0.9573131	0.075665824
0.95731425	0.08390263
0.95732355	0.053355213
0.9573329	0.072837226
0.95734227	0.15903758
0.9573392	0.116054565
0.95732796	0.11687592
0.95732087	0.15972033
0.95732194	0.12854363
0.9573231	0.07156479
0.9573324	0.081431635
0.95732933	0.1169214
0.95733047	0.146039
0.9573234	0.11411885
0.95732033	0.12387677
0.9573255	0.07061844
0.95733076	0.06779836
0.95733595	0.10355962
0.95730835	0.3322966
0.95731354	0.08892015
0.95731056	0.09691923
0.95731986	0.07783465
0.9573209	0.11057483
0.95731384	0.121812694
0.95731497	0.09844034
0.95731604	0.10902875
0.95730084	0.12650625
0.957306	0.09710816
0.95730305	0.12363008
0.95730007	0.13803
0.95730114	0.08135052
0.95731854	0.033493128
0.95731556	0.1311767
0.95732886	0.04211773
0.9573259	0.16464104
0.9573351	0.06811306
0.95732397	0.13570467
0.95732504	0.108232826
0.9573302	0.0690205
0.95732725	0.10986501
0.9573324	0.06824382
0.9573294	0.15563959
0.9573345	0.08500517
0.9573316	0.15491182
0.9573367	0.105571926
0.95732564	0.11508472
0.9573186	0.14499968
0.9573278	0.048899263
0.9573329	0.0977783
0.95733	0.15069558
0.9573149	0.19488302
0.9573119	0.12591174
0.95730495	0.13348012
0.9573101	0.060506426
0.9573071	0.08992318
0.9573082	0.121747285
0.9573133	0.07312493
0.9573104	0.07679636
0.95729935	0.17246537
0.9573125	0.063564986
0.95732164	0.085225746
0.95732677	0.08467064
0.95733184	0.098881915
0.9573088	0.20655794
0.95729786	0.17033306
0.9572869	0.13475518
0.95729196	0.085158
0.95728904	0.11228578
0.9572821	0.1293779
0.9572792	0.1757356
0.95728433	0.11824301
0.9572814	0.07421542
0.95726645	0.15391128
0.95727956	0.08253665
0.95727265	0.11514488
0.9572697	0.13998322
0.9572588	0.15530795
0.957248	0.15349708
0.957261	0.03957799
0.9572581	0.14144383
0.9572712	0.08894105
0.9572803	0.04154868
0.95727736	0.0764554
0.95727444	0.14278445
0.9572875	0.062069915
0.95729655	0.060036853
0.9573056	0.082709074
0.9573067	0.081336595
0.95730776	0.0800831
0.95731276	0.0603987
0.9573178	0.07772793
0.957307	0.1502026
0.95730805	0.08871204
0.9573091	0.13425393
0.9573181	0.066224635
0.9573073	0.119305916
0.9573202	0.042065043
0.95730543	0.13048132
0.9573105	0.07267728
0.9573076	0.12205202
0.9573047	0.12834561
0.9573018	0.13632391
0.957287	0.13482736
0.9572881	0.07419676
0.95728916	0.14542104
0.9572705	0.19756564
0.95726764	0.16238323
0.9572648	0.12502708
0.95725006	0.14368522
0.95725507	0.08989081
0.9572483	0.11377846
0.95723754	0.12537624
0.95723075	0.11539061
0.95722395	0.10294901
0.95720536	0.2076869
0.95719856	0.09389934
0.9571997	0.1028456
0.95720863	0.068989545
0.95720977	0.08375421
0.9572069	0.09093488
0.95721585	0.039333712
0.9572091	0.1580458
0.9572141	0.08115238
0.95721525	0.10996781
0.95722413	0.039805897
0.9572174	0.17243269
0.95722634	0.040594265
0.9572196	0.15813363
0.9572324	0.06980519
0.9572257	0.19327384
0.9572307	0.13795838
0.95722395	0.13188003
0.95722896	0.059672628
0.95723784	0.056671705
0.9572389	0.10749862
0.9572283	0.1460347
0.95722544	0.13699587
0.95722264	0.13928588
0.9572276	0.13087739
0.9572209	0.12732017
0.95722586	0.07694245
0.9572387	0.056655597
0.9572358	0.13862893
