0.96	0.10210088
0.94	0.21136154
0.95	0.12497206
0.945	0.13836004
0.942	0.15558498
0.9433333	0.16706677
0.9442857	0.13712808
0.9425	0.16335133
0.93333334	0.22540224
0.93	0.21309389
0.9309091	0.16089778
0.93083334	0.14086054
0.93153846	0.13572568
0.9292857	0.1952183
0.9293333	0.16214001
0.929375	0.18967955
0.93058825	0.113124825
0.93	0.1866513
0.9284211	0.25661927
0.929	0.16825172
0.9304762	0.09607904
0.93136364	0.16220301
0.93043476	0.1559852
0.93125	0.15146196
0.9284	0.28329656
0.9280769	0.14550294
0.92814815	0.118332356
0.92714286	0.20018736
0.9275862	0.14106917
0.929	0.09233615
0.92741936	0.19931202
0.9284375	0.1259654
0.9290909	0.15531045
0.92941177	0.1672139
0.9294286	0.20588133
0.9288889	0.22845988
0.93	0.14681181
0.92973685	0.21806242
0.9297436	0.16593066
0.93	0.14160639
0.9309756	0.1270101
0.9304762	0.18317972
0.9302326	0.15172735
0.92977273	0.21220152
0.9297778	0.14776345
0.92913043	0.22701427
0.9293617	0.15922359
0.9277083	0.31116462
0.9285714	0.086450666
0.9282	0.15328968
0.92862743	0.14873795
0.92846155	0.2813197
0.9283019	0.16023172
0.92925924	0.09923151
0.9281818	0.2213726
0.9283928	0.14870001
0.9284211	0.14097491
0.927931	0.23734786
0.9284746	0.122015536
0.9285	0.14515398
0.92786884	0.3112284
0.9285484	0.10208533
0.9280952	0.3109401
0.9284375	0.10611146
0.9283077	0.15843064
0.9286364	0.119579114
0.92880595	0.1403885
0.9289706	0.15422775
0.92971015	0.0816213
0.9301429	0.13621186
0.9305634	0.13865061
0.93041664	0.13972451
0.9309589	0.104846895
0.93108106	0.123051256
0.93133336	0.14720613
0.9314474	0.14824042
0.93207794	0.08262785
0.9323077	0.10066519
0.93240505	0.13835938
0.932625	0.13064413
0.9327161	0.1787961
0.932439	0.24106584
0.93240964	0.17052875
0.932381	0.16011918
0.932	0.18108743
0.9316279	0.22029789
0.93126434	0.2383107
0.93136364	0.14961807
0.9311236	0.21003169
0.9311111	0.16917834
0.9316484	0.07732384
0.93173915	0.15669282
0.93172044	0.19452122
0.93202126	0.1451618
0.93178946	0.17117162
0.931875	0.15042299
0.93195873	0.15231894
0.9318367	0.17228162
0.9318182	0.14519912
0.9315	0.17750925
0.9312871	0.22908276
0.9309804	0.3167781
0.9314563	0.14345142
0.93182695	0.112305336
0.932	0.10361784
0.93226415	0.13963419
0.93233645	0.1452468
0.9325926	0.14305139
0.9323853	0.18098098
0.93227273	0.15272367
0.9322522	0.12868504
0.9325	0.114969015
0.93256634	0.14399816
0.93289477	0.118560754
0.9329565	0.17162427
0.9328448	0.17751294
0.9328205	0.18410821
0.93313557	0.09965105
0.9332773	0.11623986
0.93341666	0.11621342
0.9333884	0.20898129
0.93360656	0.13422565
0.93398374	0.092567384
0.93419355	0.11520952
0.93408	0.16260697
0.9342857	0.10731094
0.93464565	0.09491533
0.934375	0.27739143
0.93457365	0.08644956
0.93415385	0.19691317
0.93412215	0.23796175
0.9342424	0.13263577
0.9342857	0.16206048
0.9343284	0.13648477
0.9342222	0.18033257
0.9343382	0.11184348
0.9341606	0.24944802
0.93405795	0.14962317
0.9340288	0.13291776
0.93385714	0.21239825
0.9340426	0.13539514
0.93408453	0.11971571
0.9339161	0.22842565
0.93416667	0.10770715
0.93427587	0.15073769
0.9343151	0.14901876
0.9342177	0.15879208
0.9341892	0.17040744
0.9342282	0.17886135
0.9344	0.12114191
0.9344371	0.11736193
0.9345395	0.10627218
0.9343791	0.19329496
0.93448055	0.16080002
0.9343871	0.1691609
0.93435895	0.12910527
0.9342038	0.21491086
0.9341772	0.18854167
0.93408805	0.16650774
0.934	0.16110405
0.9341615	0.12637664
0.9340741	0.18321592
0.9339264	0.23915194
0.93408537	0.15643129
0.934	0.16365384
0.93361443	0.21978462
0.9335928	0.15785977
0.93345237	0.18284449
0.9334319	0.18380873
0.93335295	0.21664754
0.9332164	0.24896581
0.93331397	0.11208702
0.9336416	0.06843399
0.9338506	0.14900614
0.9338286	0.1612171
0.9341477	0.07793768
0.9339548	0.2735466
0.9341573	0.11259246
0.9343017	0.10544487
0.9341111	0.15200095
0.93425417	0.1064712
0.93434066	0.16360739
0.9343716	0.17451577
0.9345109	0.096391715
0.93443245	0.20129655
0.93446237	0.19412908
0.9345989	0.15304248
0.9346809	0.1280971
0.9346561	0.18605705
0.9346842	0.16092148
0.93465966	0.15452172
0.9345833	0.15007235
0.9345596	0.15719625
0.93448454	0.20350617
0.93446153	0.16350342
0.9345408	0.10412669
0.934467	0.23477463
0.93459594	0.106736556
0.93467337	0.11441456
0.93465	0.19618693
0.9347761	0.13606489
0.934802	0.17518297
0.9346798	0.20158099
0.93460786	0.17890817
0.93463415	0.17560987
0.9347087	0.11006414
0.93454105	0.24186523
0.93456733	0.14043052
0.9344976	0.16920462
0.93457144	0.12299756
0.93459713	0.1622948
0.9345283	0.20515706
0.93441314	0.20250879
0.93443924	0.17523076
0.9344186	0.16115473
0.9344444	0.1092421
0.93474656	0.05909347
0.93481654	0.14175852
0.93461186	0.23466639
0.9348182	0.08312039
0.9347964	0.152371
0.93495494	0.11356966
0.9348879	0.17891228
0.935	0.114936315
0.9348889	0.17938396
0.9349558	0.13489637
0.9349339	0.16763882
0.9348684	0.1621884
0.9349782	0.104307085
0.9347826	0.2330714
0.9348052	0.13979653
0.9346552	0.22439529
0.93454933	0.21337038
0.9345299	0.17296016
0.934383	0.26257765
0.9344915	0.15604126
0.93443036	0.21536179
0.93436974	0.16869026
0.9342259	0.2511776
0.93416667	0.1680342
0.9341494	0.1588963
0.9340909	0.20166056
0.9339506	0.19078644
0.93409836	0.08272843
0.9342449	0.08098958
0.93430895	0.109027795
0.934251	0.2262929
0.93423384	0.1999981
0.9342972	0.163042
0.9342	0.21968131
0.9342231	0.19268656
0.93420637	0.22898538
0.9341107	0.20009379
0.9340551	0.14189966
0.9342353	0.07503985
0.934375	0.12029802
0.9345136	0.14291579
0.9343798	0.23407418
0.9344016	0.11756518
0.9345385	0.08057144
0.93448275	0.16002914
0.934542	0.1582193
0.93456274	0.14284511
0.93465906	0.10975592
0.93460375	0.12886767
0.9346616	0.12607376
0.9346442	0.17446432
0.934403	0.30619812
0.93449813	0.12443726
0.9345254	0.17569886
0.9345456	0.26384842
0.9346025	0.14441068
0.934659	0.17021969
0.9345323	0.23331445
0.9345158	0.20641032
0.9344994	0.18089369
0.9345193	0.12700137
0.9343229	0.19062497
0.93430734	0.14184436
0.9343277	0.15186659
0.93445486	0.10950096
0.934368	0.1946829
0.9343172	0.12604985
0.9342667	0.19462672
0.93425167	0.15372929
0.93423676	0.16077146
0.9342918	0.11741795
0.9343116	0.14523351
0.9341581	0.26439336
0.9342819	0.12206885
0.9342671	0.20589899
0.9343897	0.09443628
0.93440884	0.13650662
0.9343598	0.19970888
0.93417525	0.2700616
0.9342288	0.10500834
0.9342482	0.13525556
0.9341667	0.18502301
0.9341193	0.14596993
0.9341056	0.165214
0.9341917	0.106081545
0.9343436	0.10274689
0.9344284	0.1061796
0.9344138	0.15465295
0.9343336	0.21907777
0.9343195	0.1536601
0.93430537	0.18593237
0.9343564	0.12717442
0.9344719	0.104099505
0.9344898	0.13990383
0.9345075	0.14628963
0.93449306	0.18100867
0.9346067	0.08946787
0.93456006	0.17503716
0.9345138	0.16549015
0.93453115	0.15435761
0.93448526	0.14696142
0.9345656	0.12623222
0.9346455	0.09226741
0.9346622	0.14138472
0.9345541	0.21247885
0.9346643	0.11687817
0.93474287	0.11478737
0.9346973	0.20397232
0.9346212	0.17821737
0.9346377	0.17972381
0.9345929	0.18552876
0.9345789	0.16849653
0.9347171	0.10192773
0.93473315	0.10140195
0.93477935	0.117893875
0.93467444	0.18626331
0.9346303	0.21293034
0.9346464	0.20526531
0.93469226	0.16354893
0.9346783	0.16361153
0.9348427	0.06302336
0.93470985	0.1982307
0.93472546	0.14885226
0.9347116	0.16691357
0.93481517	0.10288565
0.93480104	0.18152995
0.9347579	0.18540943
0.9348313	0.0944814
0.9349914	0.060075056
0.93509275	0.08521665
0.935078	0.170502
0.9350922	0.17022583
0.935135	0.12364923
0.9350917	0.20082952
0.93507713	0.20207556
0.9351196	0.1522731
0.9351618	0.11110609
0.9351472	0.14220993
0.9351327	0.1331481
0.9350901	0.13195658
0.93513197	0.13979483
0.9351735	0.15428935
0.9352428	0.075433455
0.93517256	0.1422574
0.93518597	0.16030811
0.9351163	0.18032473
0.93501943	0.22017151
0.9351432	0.082332164
0.93515646	0.14800248
0.93516976	0.14845152
0.9351829	0.17048779
0.9352504	0.13098337
0.93523616	0.21120603
0.9352491	0.18941349
0.9352619	0.13517973
0.93522084	0.18342617
0.93528736	0.11687402
0.93521965	0.19507661
0.9350989	0.20096882
0.93508536	0.15554434
0.9350984	0.122099325
0.9351908	0.08283863
0.93522996	0.14549421
0.9352162	0.13865626
0.9351499	0.19877598
0.93521506	0.1403588
0.93517524	0.23565157
0.9352139	0.14666922
0.93517435	0.15090588
0.9351091	0.25568712
0.9351217	0.14663623
0.9351085	0.14988251
0.93512106	0.12837002
0.93513364	0.11819431
0.93509483	0.2015396
0.9351074	0.10342037
0.93511987	0.14911337
0.93515766	0.13028415
0.93506855	0.1802392
0.93503046	0.16364579
0.935043	0.13473529
0.9350051	0.20159756
0.935118	0.09728898
0.9351553	0.16027108
0.9352173	0.09141456
0.935279	0.1404397
0.93521625	0.20374215
0.9351785	0.18681286
0.9351657	0.1363323
0.935153	0.2246943
0.9351157	0.14004412
0.93512774	0.15703063
0.93509066	0.24060045
0.93510264	0.16809386
0.93501717	0.2678694
0.9349807	0.18486683
0.9349444	0.17967115
0.9349566	0.20343894
0.93492055	0.16576983
0.9348365	0.19774038
0.9348969	0.10279305
0.9348133	0.2340135
0.9347302	0.2528051
0.9347904	0.12078613
0.9348028	0.15609518
0.93476766	0.2611657
0.9348274	0.09049621
0.93476874	0.2871595
0.934734	0.16958143
0.93472284	0.21280931
0.93475866	0.08575468
0.93467736	0.22013062
0.93473643	0.1371268
0.93477196	0.14709055
0.9347841	0.16318347
0.9348194	0.1457696
0.93485445	0.14926375
0.93482023	0.24278533
0.9347631	0.1794909
0.934844	0.10827672
0.9348558	0.13878532
0.93486756	0.15028298
0.93494767	0.08197209
0.9347999	0.2671667
0.93476635	0.1296986
0.93471026	0.14431387
0.9346544	0.15602624
0.9347115	0.12907042
0.9347459	0.12861519
0.9347802	0.14319901
0.9348366	0.1437384
0.93487054	0.18207732
0.934882	0.171882
0.93489337	0.17445183
0.93472713	0.2186231
0.93471664	0.2046635
0.9347283	0.18066493
0.9347179	0.14838652
0.9347075	0.15978229
0.9347411	0.096594036
0.9347307	0.17521043
0.9347422	0.15723123
0.9348191	0.13350327
0.9348739	0.1002416
0.9349067	0.11642899
0.9348961	0.17949988
0.9349288	0.14210305
0.9349181	0.20752105
0.9349721	0.10292616
0.9349829	0.12079367
0.9349937	0.15360905
0.9349616	0.20725116
0.935015	0.08403747
0.93513215	0.08146471
0.93516374	0.16379032
0.9351316	0.16333872
0.9351207	0.13855033
0.9350888	0.15726988
0.9351834	0.08863263
0.93525666	0.09533336
0.93522465	0.240912
0.9352137	0.17013018
0.9352237	0.14778848
0.93531704	0.09438389
0.9353476	0.21576521
0.935378	0.14607286
0.93542904	0.1120066
0.9353144	0.22542825
0.9352416	0.20107584
0.93523073	0.1568995
0.93522	0.15038829
0.9351888	0.18792127
0.9352191	0.119284935
0.9352697	0.14548217
0.9352182	0.16347723
0.9352483	0.13954459
0.93533915	0.090306655
0.9353486	0.15154019
0.9353984	0.105963014
0.9354279	0.10984533
0.9354371	0.12761839
0.93544626	0.15502104
0.9355557	0.08230349
0.9355846	0.14803803
0.93557346	0.16446647
0.9355025	0.1689281
0.93547165	0.21858826
0.93554026	0.07916477
0.9355689	0.14606452
0.9356172	0.100316554
0.9354877	0.26549217
0.9353784	0.22624117
0.93534815	0.27105862
0.9353573	0.1531378
0.93538594	0.13485521
0.9354145	0.13121498
0.93538445	0.18878418
0.9353545	0.14328627
0.9352469	0.26381677
0.9352755	0.13600087
0.93530405	0.11421768
0.9353517	0.093080014
0.93543786	0.06740563
0.9354659	0.12393835
0.93539774	0.19474287
0.93542576	0.13372634
0.93551105	0.13691416
0.9354814	0.18968685
0.93545187	0.17200518
0.93546057	0.13367242
0.93554515	0.09361563
0.9355346	0.20335843
0.935562	0.18308815
0.9355326	0.1532405
0.93554103	0.17313065
0.93551177	0.19123335
0.93542635	0.33047557
0.93549114	0.11627476
0.935537	0.113140106
0.935564	0.16020706
0.93553495	0.19503367
0.9355805	0.14559676
0.9355701	0.19218116
0.9356154	0.09951717
0.9355865	0.16415167
0.9355947	0.11948784
0.93558437	0.17308994
0.9356661	0.0748691
0.93556386	0.20718071
0.93555367	0.15001749
0.9355435	0.1669277
0.93547857	0.2016118
0.9355779	0.06957248
0.935586	0.12252411
0.9356122	0.10961242
0.93563825	0.19136775
0.93568236	0.12051713
0.93565404	0.1614789
0.9356979	0.09159006
0.93561566	0.18737096
0.9356056	0.15674394
0.9355597	0.2133946
0.9355855	0.13438861
0.93557554	0.16554958
0.9355656	0.21422148
0.93557346	0.13468449
0.9356169	0.13246174
0.9355892	0.17502409
0.9355793	0.18247323
0.9355871	0.18734308
0.93550664	0.18808535
0.9354617	0.19664921
0.93541694	0.2302565
0.9354074	0.12235274
0.9353979	0.17533371
0.9353535	0.21187563
0.9353791	0.17977414
0.93536973	0.14815935
0.93534297	0.19947538
0.9353684	0.12251022
0.9353591	0.21657562
0.9353152	0.17949289
0.9353233	0.1626973
0.93534863	0.099006265
0.9353566	0.15159808
0.93534744	0.20669891
0.93538976	0.10203716
0.9354148	0.123715706
0.9354055	0.1508247
0.93534505	0.19994111
0.93533593	0.18598123
0.9353269	0.15675563
0.93538576	0.08365205
0.9353936	0.16691108
0.9353675	0.17869535
0.93537533	0.14357777
0.9354	0.113639176
0.93549204	0.069759876
0.9353987	0.19421238
0.935356	0.20888367
0.93541414	0.14689347
0.9353716	0.14044306
0.93542945	0.11922411
0.9354204	0.14300571
0.9353781	0.20760082
0.93541896	0.13021098
0.9354598	0.11020513
0.93543416	0.15420236
0.93545824	0.15734048
0.9354988	0.11660554
0.9355062	0.12546231
0.9355465	0.17281398
0.93550456	0.17307556
0.9355775	0.08868667
0.935552	0.2163617
0.93557566	0.10657468
0.93556654	0.14584607
0.9355575	0.18393451
0.93558097	0.11066982
0.9355882	0.13145806
0.93557906	0.19677357
0.93557006	0.18933454
0.93556106	0.1379841
0.9356005	0.094628274
0.93559146	0.11905404
0.93563074	0.13119532
0.93558955	0.24687749
0.9355646	0.17437506
0.9355877	0.15808558
0.9356427	0.097368486
0.93569756	0.090561256
0.9356247	0.26371792
0.9356317	0.1882673
0.9356386	0.12841223
0.9356455	0.1506351
0.9356841	0.1353969
0.9357383	0.088289164
0.9357924	0.1255357
0.9358148	0.12337331
0.9358529	0.11406653
0.93579656	0.34041667
0.9357561	0.18435408
0.9357471	0.1626561
0.9357537	0.12859552
0.93572915	0.17240734
0.9356734	0.20189625
0.93568015	0.14088963
0.93571794	0.13018179
0.9357246	0.1837104
0.93576217	0.11276446
0.9357842	0.117743686
0.9357907	0.19323912
0.93581265	0.123395674
0.9358191	0.10292974
0.9358409	0.17385617
0.9358166	0.16833715
0.9357617	0.17482868
0.9358141	0.0958905
0.9358357	0.15366496
0.9358421	0.19045253
0.9357723	0.21809566
0.93580914	0.15711835
0.9357699	0.23069006
0.93576115	0.16012807
0.9357222	0.22597952
0.93574375	0.12473505
0.9357502	0.14463474
0.93575656	0.1268011
0.9358081	0.10375261
0.93582946	0.09496433
0.9357607	0.19727285
0.935812	0.13011688
0.93586314	0.14319378
0.93576473	0.24146093
0.93572634	0.20280093
0.93574756	0.14286841
0.93573904	0.18511133
0.9357602	0.12584998
0.93576646	0.1391637
0.93575794	0.13187139
0.9357051	0.17163458
0.93568194	0.16440526
0.93567353	0.15953904
0.93570936	0.10182748
0.9357597	0.095838286
0.935766	0.2028342
0.9357282	0.24701412
0.9357637	0.10372592
0.9357553	0.12918063
0.9357615	0.15990116
0.93581134	0.102721564
0.93578833	0.17210642
0.935809	0.18454461
0.9357716	0.1822779
0.93580663	0.09785032
0.9358127	0.16591023
0.9357321	0.2790223
0.9356662	0.25546336
0.93565804	0.18010159
0.9356643	0.15568474
0.9356705	0.22913742
0.93569106	0.14525457
0.9356972	0.1375646
0.9356891	0.14503673
0.935738	0.060099393
0.9357014	0.19742589
0.93576443	0.10519023
0.935742	0.15179516
0.9357055	0.21599257
0.9357399	0.116384126
0.9357742	0.097473495
0.93579435	0.17135735
0.93580025	0.12556204
0.9357921	0.28270844
0.9358262	0.08672237
0.9359023	0.066546984
0.9359221	0.14781608
0.9358998	0.16963796
0.9358775	0.15784031
0.93591124	0.11157827
0.93587506	0.17818879
0.9359226	0.09238107
0.93588656	0.17360798
0.9359062	0.15602663
0.9358841	0.19043198
0.93586206	0.15477048
0.93585396	0.16278416
0.9358044	0.2046927
0.9357826	0.23720577
0.9358022	0.16398084
0.93579423	0.16820548
0.9358275	0.1397617
0.935792	0.18669797
0.9358115	0.1232321
0.9358446	0.1093592
0.9358366	0.1865429
0.935856	0.15684058
0.93587524	0.10891314
0.93584	0.18714613
0.93587285	0.14271785
0.93587846	0.14944728
0.93578917	0.27582055
0.93580836	0.13522507
0.9357329	0.19739465
0.93567115	0.24481188
0.9356366	0.18259397
0.9356424	0.15132166
0.9356886	0.08261659
0.93570787	0.103419974
0.93567336	0.16292839
0.9356524	0.19955273
0.935685	0.105005875
0.93567735	0.15204656
0.9356965	0.12467561
0.9357155	0.15949452
0.93577445	0.07746066
0.9357269	0.19327441
0.935706	0.25584483
0.935725	0.1043414
0.93574387	0.13506104
0.9357627	0.14131546
0.93578154	0.14107022
0.93583983	0.09250947
0.9357926	0.21080051
0.9358113	0.097219065
0.9358168	0.13668461
0.93584853	0.082474776
0.9358671	0.1510359
0.93588555	0.15912974
0.9358517	0.21865155
0.935818	0.21292034
0.93582344	0.11257397
0.9358029	0.17388645
0.9358083	0.12700076
0.9358137	0.15284926
0.9357933	0.15362084
0.93581164	0.15684883
0.93583	0.15177207
0.9358224	0.18804605
0.93582785	0.1552681
0.93580747	0.16748764
0.93578714	0.15730308
0.9358054	0.12638009
0.93584925	0.10441684
0.9358802	0.10791762
0.9358727	0.1372772
0.9358524	0.1759119
0.93575555	0.25730884
0.93577373	0.14925854
0.93579185	0.1126491
0.93578446	0.17179655
0.9357898	0.13190717
0.9358205	0.13899164
0.93586385	0.0904091
0.9358564	0.15737544
0.9358743	0.15626772
0.9359426	0.06947705
0.9359603	0.14194456
0.9359276	0.20976576
0.935895	0.27132002
0.9359378	0.088187665
0.935968	0.093831405
0.9359355	0.23555407
0.9359031	0.17341167
0.93592066	0.09500037
0.9359757	0.08472299
0.93599313	0.1240946
0.93603545	0.08387967
0.9360528	0.1409542
0.9360577	0.12345138
0.9360502	0.17401321
0.93600553	0.18684074
0.9360352	0.11182137
0.93602777	0.11861768
0.936008	0.18985723
0.93597597	0.24198456
0.9359932	0.14665651
0.936035	0.085531294
0.93603987	0.1834768
0.9359834	0.298049
0.93596387	0.1513105
0.93595654	0.11782475
0.93593705	0.20224476
0.93596643	0.135203
0.93595916	0.12968817
0.9359519	0.20587288
0.9360055	0.10732239
0.935986	0.19311827
0.9359545	0.20691723
0.9359352	0.17492996
0.9359522	0.102073364
0.9359571	0.24406774
0.935974	0.12748334
0.9359789	0.21954845
0.9359235	0.3240249
0.9359044	0.21202593
0.9359213	0.14218268
0.9359502	0.15626256
0.93595505	0.1626644
0.935936	0.14951909
0.9359169	0.15945324
0.9359576	0.0928509
0.93596244	0.10834228
0.9359791	0.16329068
0.93600774	0.12601589
0.93601245	0.15555078
0.9359816	0.17153263
0.9359745	0.15431866
0.93597925	0.09857729
0.9360077	0.13070221
0.9359888	0.1853115
0.9360289	0.114234544
0.93604535	0.18623066
0.93605	0.1581653
0.9359959	0.18027233
0.9360006	0.15331693
0.9359583	0.24844944
0.93593967	0.17715652
0.9359444	0.15472656
0.93591404	0.15903178
0.9359072	0.17508815
0.93591195	0.1292084
0.93593997	0.103921525
0.935968	0.1454515
0.9360191	0.1156753
0.9360006	0.19793004
0.93604	0.08473082
0.9360098	0.18652755
0.93594503	0.21929727
0.93594974	0.12937616
0.9359428	0.15771674
0.93591297	0.18209861
0.9358716	0.24721232
0.9358994	0.102226
0.9358811	0.1830951
0.9358399	0.21207094
0.93584466	0.11379351
0.935838	0.20295824
0.9358542	0.10042745
0.9358361	0.17660946
0.9358294	0.22151834
0.9358228	0.18166916
0.93582755	0.16042805
0.93582094	0.16161701
0.93585974	0.10071232
0.93585306	0.15546371
0.9358804	0.096889794
0.9358738	0.15600275
0.9358898	0.17677185
0.93589437	0.10858608
0.93588775	0.1729794
0.9359262	0.08982348
0.93595326	0.11449681
0.93595785	0.18626118
0.9359511	0.13151355
0.93587714	0.25722265
0.9359378	0.088928565
0.93595356	0.14974676
0.9359357	0.21090044
0.93590677	0.20768464
0.9359336	0.15968028
0.936005	0.07259316
0.93596494	0.27005526
0.93600273	0.0824622
0.9359961	0.12519078
0.93598944	0.16693108
0.93597174	0.12563309
0.9359762	0.14726579
0.9359806	0.17014168
0.93600714	0.08916195
0.9359564	0.26608104
0.93597186	0.14953758
0.9359543	0.18572976
0.9359038	0.27877054
0.9358973	0.1416025
0.9358469	0.21678093
0.9358515	0.12753801
0.93585604	0.15540823
0.9358496	0.12789297
0.9358214	0.203053
0.9358041	0.16738826
0.9357869	0.2116131
0.93582416	0.11524269
0.9358287	0.099885814
0.9358007	0.18940382
0.9357835	0.1382985
0.9358423	0.068671495
0.93584675	0.17784244
0.9358729	0.12097652
0.93589896	0.07249231
0.9358818	0.25267494
0.93588626	0.12889199
0.93590146	0.11889993
0.9359166	0.19403186
0.93587804	0.23127574
0.935861	0.22214149
0.9358547	0.13694339
0.9358484	0.1941518
0.93586355	0.12544718
0.9358573	0.14197604
0.9358617	0.15856253
0.9358661	0.13510704
0.93585986	0.132172
0.93585366	0.14552611
0.9358261	0.16973433
0.9358093	0.15838422
0.9358032	0.1891036
0.9358288	0.112503245
0.93581206	0.17249128
0.93579537	0.17257935
0.9357892	0.14742832
0.9358042	0.08728432
0.9358297	0.12447184
0.9358657	0.12725288
0.9358911	0.135596
0.9358849	0.16687925
0.93588924	0.10752379
0.93588305	0.19256873
0.9359188	0.12773284
0.9359021	0.17215163
0.9359064	0.10243805
0.9359629	0.08658318
0.93599844	0.08606922
0.9359609	0.19942945
0.93594426	0.23421383
0.9359901	0.07465595
0.93600464	0.13199295
0.9360088	0.17320777
0.93600255	0.15106115
0.935986	0.16210555
0.9359695	0.17967257
0.93601495	0.07861257
0.93595713	0.27154654
0.93592006	0.19085598
0.9359139	0.18381065
0.9358667	0.25431585
0.9358195	0.34306708
0.9358238	0.12128421
0.9358076	0.18593228
0.9358016	0.10908833
0.9357855	0.15946802
0.93582046	0.10536367
0.93579406	0.13111098
0.93579835	0.1852368
0.93580264	0.19524199
0.93580693	0.119679496
0.93581116	0.2206857
0.93581545	0.17820227
0.9358197	0.13352984
0.9358138	0.18949002
0.9358079	0.20050734
0.9358324	0.12231584
0.9358164	0.20240483
0.9358206	0.1317559
0.9358248	0.15154126
0.9358492	0.12188315
0.93588364	0.08173039
0.93588775	0.13823947
0.93590194	0.16160521
0.93588597	0.1726571
0.93590015	0.104769856
0.93586415	0.22558394
0.9358783	0.12651694
0.93588245	0.12215114
0.9359065	0.12744565
0.9359506	0.046494216
0.9358947	0.28011167
0.9359088	0.0995029
0.9359627	0.06286755
0.9359766	0.11356124
0.9359806	0.14748125
0.93600446	0.15263069
0.93601835	0.11298891
0.93596286	0.23007527
0.93597674	0.14010133
0.93595105	0.18197381
0.93595505	0.16526656
0.93594915	0.22580911
0.93595314	0.122526705
0.93591774	0.18908098
0.93591195	0.16232662
0.9358865	0.17786108
0.93584144	0.19606979
0.93581605	0.19468139
0.93582016	0.18585092
0.93585366	0.13022904
0.9358968	0.14363569
0.9358715	0.18691593
0.93587554	0.16292673
0.9358991	0.109467
0.9359031	0.14130238
0.93586814	0.14707509
0.935911	0.110241115
0.9359247	0.1541863
0.93592864	0.13322583
0.9359132	0.18786694
0.93587846	0.20004159
0.93587273	0.146696
0.9358671	0.24508345
0.93585175	0.14603277
0.9358847	0.101196535
0.93590796	0.09556423
0.93594074	0.09994135
0.9359639	0.1394146
0.9359678	0.1576136
0.93599087	0.09474481
0.9360043	0.1531213
0.93600816	0.16002469
0.93605024	0.09575686
0.93609226	0.102338284
0.93610555	0.1318664
0.93608063	0.14902598
0.93610346	0.114064015
0.9360976	0.17463829
0.9360728	0.19602212
0.93606704	0.17407568
0.93607074	0.14712618
0.93602705	0.19201866
0.9360403	0.19246025
0.93607247	0.096714705
0.936114	0.056701146
0.9360988	0.2232719
0.9361119	0.13476945
0.93612504	0.123158626
0.93610984	0.15646674
0.9361135	0.18597624
0.93613595	0.107595295
0.9361208	0.17781371
0.9361432	0.11899798
0.93614686	0.18725675
0.93615985	0.12249134
0.93613535	0.17749119
0.93615764	0.1435134
0.93612385	0.28349268
0.9361181	0.2523557
0.9361404	0.107065
0.93616265	0.19336946
0.9361662	0.13816006
0.93619776	0.085288376
0.9361827	0.15491934
0.93616766	0.15567082
0.93616194	0.1559462
0.93617475	0.12856798
0.9361227	0.35612792
0.93613553	0.10470039
0.93612987	0.15972215
0.93616116	0.09456022
0.93614626	0.21540906
0.9361037	0.2176389
0.9360797	0.13839091
0.9361201	0.090301186
0.9360961	0.20544213
0.9361364	0.102437794
0.9361491	0.1340911
0.9361068	0.19312069
0.9361012	0.1479699
0.9361048	0.1331854
0.93607175	0.18020426
0.9360388	0.33753735
0.9360059	0.17751403
0.93600047	0.15520138
0.93598586	0.18649526
0.9360259	0.098884866
0.93602043	0.17787546
0.93601495	0.19699568
0.93603677	0.092393436
0.93605846	0.118405275
0.93608016	0.09006615
0.9360747	0.15941222
0.9360692	0.20928402
0.9361089	0.097457714
0.9360853	0.19599566
0.93608886	0.11027386
0.9360653	0.16848284
0.9360959	0.10060388
0.9360904	0.17434278
0.9360669	0.24586663
0.93607944	0.18124823
0.93608296	0.16478531
0.93607754	0.13768242
0.93609893	0.09034257
0.9360935	0.12453125
0.9361059	0.23627478
0.9361362	0.08253073
0.93613964	0.19262213
0.9361253	0.21104136
0.93615544	0.123201646
0.93614995	0.16017126
0.93618894	0.07989244
0.9361746	0.18312134
0.9361691	0.15671644
0.9361902	0.13920663
0.93622017	0.14488584
0.9361881	0.20700446
0.9361738	0.16405718
0.936186	0.15756196
0.9361982	0.1066119
0.9362192	0.16263746
0.9362314	0.12771547
0.9362435	0.142943
0.9362556	0.11359911
0.9362149	0.2068014
0.9362007	0.246527
0.936204	0.16767511
0.9361898	0.15002358
0.9362194	0.08884967
0.93622273	0.16301198
0.936191	0.2528297
0.9362206	0.10986777
0.93626755	0.05919651
0.93627954	0.10429808
0.93629146	0.11636244
0.93632954	0.06853959
0.9363414	0.13518035
0.9363272	0.18347582
0.9363478	0.09971898
0.9363249	0.2121484
0.93631077	0.17941463
0.9363053	0.20949812
0.9363085	0.15425785
0.9362944	0.23214722
0.93630624	0.10038447
0.9362922	0.24823864
0.93628675	0.17793539
0.93630713	0.117489874
0.9362931	0.17985727
0.9363135	0.111845255
0.93635106	0.10650769
0.93637997	0.09367779
0.93638307	0.16580924
0.9363604	0.15882763
0.936355	0.15462795
0.9363581	0.099727064
0.9363783	0.12812038
0.9363729	0.20351115
0.936393	0.10632494
0.93641317	0.101748265
0.9364162	0.16119717
0.9364363	0.13748017
0.9364308	0.12986208
0.93639135	0.20171218
0.9363859	0.175075
0.9363466	0.24837863
0.9363836	0.10267763
0.9364036	0.1475846
0.93641514	0.10844218
0.9364097	0.16839434
0.93638736	0.17277007
0.936382	0.21648027
0.93634284	0.18988058
0.93632907	0.1695643
0.93632376	0.198273
0.93631846	0.12700823
0.93632996	0.120276935
0.9363414	0.15199667
0.9363193	0.21430323
0.93634754	0.10876861
0.9363506	0.1859998
0.93637043	0.095910005
0.93639857	0.13888156
0.93638486	0.12185161
0.9363962	0.1382535
0.93636584	0.24579833
0.93632716	0.22115989
0.9363469	0.116364434
0.9363499	0.11428169
0.9363696	0.09917463
0.93638927	0.0985773
0.9364088	0.12819038
0.93637866	0.1960118
0.9364065	0.08694287
0.9364095	0.14873123
0.936429	0.16586153
0.93643194	0.10281368
0.9364101	0.22990344
0.9363718	0.27636287
0.93638307	0.18347433
0.9364025	0.11560012
0.93642193	0.11383977
0.9363838	0.22610226
0.9363867	0.18313873
0.9363897	0.12945253
0.9363763	0.21306151
0.9363874	0.102017954
0.9363904	0.15007757
0.93638515	0.15505901
0.93641263	0.07695892
0.9364401	0.09348977
0.9364593	0.09448821
0.93647856	0.12007768
0.9364814	0.15336642
0.9364843	0.20595446
0.93648714	0.15847793
0.9364737	0.25471818
0.9364685	0.1912775
0.93647945	0.120807484
0.9364417	0.25103623
0.93646085	0.10165684
0.9364475	0.13301499
0.9364666	0.11759985
0.9364613	0.21967506
0.9363996	0.26265654
0.9364186	0.13161467
0.93640536	0.18256022
0.9364002	0.19027391
0.9364192	0.089945965
0.93643016	0.117317915
0.9364169	0.18122661
0.93642783	0.13331935
0.9364628	0.068162695
0.9364817	0.11698243
0.93649256	0.12874143
0.93647933	0.1869554
0.93646616	0.18925068
0.936493	0.12038979
0.93651175	0.14444405
0.9365305	0.15409847
0.93654126	0.19052649
0.936544	0.1784493
0.93652284	0.18150315
0.9365495	0.110132255
0.9365602	0.17580412
0.9365788	0.09241893
0.93657357	0.13268194
0.936608	0.100504845
0.93660283	0.16641189
0.93658966	0.21364494
0.9365844	0.16875233
0.9365792	0.19937883
0.93660563	0.06172025
0.9365925	0.14021878
0.936611	0.116324365
0.93656635	0.19752331
0.93654543	0.17426199
0.9365403	0.15686764
0.93649584	0.217852
0.9364986	0.14311472
0.9365092	0.107434176
0.9364884	0.19334024
0.9365068	0.1058076
0.9364704	0.2873993
0.936481	0.13596556
0.93649936	0.12659101
0.9364943	0.16783299
0.93650484	0.12795222
0.9365232	0.1775578
0.9365259	0.19469601
0.9365442	0.09002523
0.9365547	0.18534309
0.9365418	0.20539665
0.9365211	0.21973719
0.93653935	0.113877594
0.9365731	0.07289944
0.93659127	0.09524399
0.9365784	0.15695271
0.9365966	0.14483358
0.93659145	0.16003014
0.93657863	0.17706606
0.9365735	0.119629085
0.93653756	0.21857518
0.93654025	0.14656563
0.9365506	0.18219692
0.936561	0.13949403
0.93654823	0.20689926
0.9365817	0.09659822
0.93655354	0.18224777
0.93652546	0.22070187
0.93654346	0.10880487
0.93653846	0.17275181
0.93653345	0.17488576
0.9365208	0.15875176
0.93653876	0.1234481
0.9365643	0.10977152
0.93653643	0.19902863
0.93656194	0.11833398
0.9365722	0.12052445
0.93655956	0.16032614
0.93655455	0.17204605
0.9365572	0.19883427
0.9365674	0.10744456
0.9365624	0.15119351
0.9365575	0.18260801
0.93655246	0.13384917
0.9365854	0.06844116
0.9366031	0.12336994
0.9365981	0.14429708
0.9366007	0.18574053
0.93659574	0.16073242
0.9366059	0.12722778
0.9366084	0.13112788
0.9366185	0.09280863
0.93662107	0.13879174
0.9366236	0.13902567
0.93662614	0.14309303
0.93665123	0.08961144
0.9366462	0.19353002
0.93667877	0.09502326
0.9366812	0.119357
0.93666875	0.20541334
0.93665624	0.2283398
0.9366737	0.13833264
0.93666875	0.13494587
0.9366115	0.30085647
0.9365991	0.2278142
0.93661654	0.0956004
0.93664885	0.10880487
0.93666625	0.0998742
0.9366464	0.15958191
0.93662655	0.15848865
0.93664396	0.10324851
0.9366093	0.20582336
0.9366044	0.15694487
0.9365995	0.17711692
0.93661684	0.09288685
0.93661934	0.13648301
0.93662924	0.1374699
0.93663174	0.16936004
0.936649	0.115638115
0.93668103	0.08867206
0.9367056	0.07925501
0.93669325	0.21977335
0.9366957	0.15408371
0.9366834	0.1547634
0.93668586	0.15339413
0.936681	0.14840452
0.936676	0.20656948
0.93667114	0.15543503
0.93668824	0.081810445
0.93666136	0.19863892
0.9366418	0.18464465
0.93666625	0.067125134
0.93669796	0.08789638
0.93670034	0.134678
0.93671006	0.11567474
0.93674165	0.077048466
0.93670756	0.18454286
0.9366735	0.342399
0.93668324	0.11913399
0.9367075	0.09889743
0.9367317	0.08004506
0.9367341	0.13145156
0.9367437	0.10708481
0.9367315	0.15343012
0.9366759	0.2929113
0.9366711	0.14718768
0.93666625	0.17377983
0.9366831	0.12932329
0.9366711	0.15878724
0.9366807	0.14719541
0.9366831	0.12672661
0.9366783	0.23803568
0.93667346	0.20549336
0.93668306	0.12374418
0.93669987	0.112624794
0.9367022	0.1327495
0.9366974	0.20487835
0.9367141	0.14039427
0.9366806	0.20996134
0.936683	0.17196137
0.93669254	0.12757821
0.93673784	0.06826294
0.93673307	0.20777416
0.93672824	0.1956965
0.9367091	0.2373858
0.93674004	0.12116916
0.93674237	0.15095998
0.9367661	0.07533115
0.9367755	0.11068562
0.936792	0.114040874
0.93680143	0.14999688
0.9367895	0.18601191
0.9367847	0.14610952
0.93677276	0.113293484
0.9367963	0.13401298
0.93678445	0.17921858
0.93680793	0.06850426
0.9368102	0.2096538
0.93681955	0.09755539
0.93683594	0.103352934
0.93683815	0.1196267
0.9368333	0.16092628
0.93682146	0.1567741
0.93683076	0.16376418
0.9368541	0.10726994
0.93686336	0.1302954
0.93687963	0.13507988
0.9368959	0.11140262
0.93689805	0.15934736
0.93690026	0.11864131
0.9369305	0.117276125
0.9369326	0.14425625
0.9369488	0.0994743
0.9369649	0.14791736
0.93695307	0.19848144
0.93696916	0.096223556
0.93696433	0.16393396
0.9369874	0.089585654
0.93699646	0.10138686
0.9370125	0.109496616
0.9370076	0.17914514
0.93699574	0.19117723
0.9370187	0.09970362
0.9370208	0.12935317
0.9369951	0.15653913
0.93701106	0.08579292
0.9370062	0.12821546
0.9370152	0.12589546
0.93703806	0.06533215
0.9370332	0.21981095
0.93700755	0.21916981
0.9369889	0.17864232
0.936991	0.13576251
0.93702066	0.0920867
0.9370434	0.14467281
0.93703854	0.20100048
0.9370061	0.18779698
0.9370082	0.14227772
0.9370034	0.13618188
0.93701917	0.15146959
0.93700063	0.17656155
0.9369821	0.2161219
0.93699104	0.09507626
0.9369451	0.2022917
0.93693346	0.1372924
0.9369082	0.14714606
0.9369035	0.15052727
0.93689877	0.18892854
0.93687356	0.1825791
0.93687564	0.094752766
0.93688464	0.086197466
0.9368867	0.18260998
0.9368889	0.12744415
0.9368638	0.19154134
0.9368591	0.15207267
0.93683404	0.24423794
0.9368226	0.16486551
0.93683153	0.18328539
0.93684727	0.12574558
0.9368358	0.14665222
0.93681765	0.20291875
0.9368333	0.09616599
0.9368558	0.10903191
0.9368647	0.10984975
0.93687356	0.12626654
0.9368892	0.12112243
0.9368845	0.20769268
0.9368799	0.17129946
0.93686175	0.2284657
0.93687737	0.12533885
0.9368929	0.09571277
0.936895	0.13446116
0.93691725	0.08107277
0.93692607	0.10143136
0.9369415	0.094471425
0.93693686	0.14624369
0.93695235	0.09781458
0.93689406	0.24467032
0.93689615	0.14155287
0.9369049	0.089327194
0.936907	0.12912706
0.93692243	0.11081055
0.9369178	0.15412241
0.9369065	0.21213724
0.9369086	0.15239084
0.9369173	0.13085872
0.93691933	0.14608122
0.9369347	0.12247326
0.93693674	0.15393768
0.93693215	0.14125043
0.9369342	0.10205432
0.9369429	0.10360754
0.9369449	0.12686402
0.93693364	0.14620648
0.9369556	0.07556647
0.9369576	0.14897129
0.9369662	0.1202696
0.9369748	0.15127978
0.93699664	0.116849974
0.9369722	0.22208928
0.93695444	0.16217966
0.93694985	0.12875721
0.9369782	0.097501144
0.93698674	0.12232381
0.9370085	0.09209872
0.9370039	0.16991423
0.93702555	0.06773465
0.93700784	0.1582746
0.93701637	0.12589122
0.93700516	0.16896255
0.93698746	0.18903166
0.9370091	0.114819296
0.9370372	0.081164405
0.9370196	0.14377508
0.93702805	0.11500713
0.93702346	0.14725564
0.9370319	0.15283471
0.9370404	0.12040547
0.93704236	0.14714104
0.93705076	0.12217007
0.9370592	0.11579349
0.9370416	0.16816658
0.93705654	0.12960325
0.93705195	0.12628764
0.93704736	0.18828642
0.93706226	0.11004822
0.93707716	0.12478154
0.9370855	0.1607188
0.93709385	0.13358183
0.9371087	0.11743279
0.9370912	0.23994654
0.9370866	0.16491584
0.937082	0.16195837
0.9370645	0.18303771
0.93705994	0.15688503
0.9370683	0.17331232
0.93704444	0.25113282
0.9370592	0.08401973
0.93705463	0.1711907
0.93707585	0.10316333
0.9370713	0.15436378
0.93706673	0.15856574
0.9370751	0.09680956
0.9370577	0.1819736
0.93705314	0.15593243
0.9370486	0.19070971
0.93701214	0.28448954
0.93701404	0.2014929
0.9370223	0.11200059
0.9370434	0.10522079
0.9370581	0.07928124
0.93705356	0.12487734
0.937081	0.06505687
0.93707645	0.23239203
0.93706554	0.13470158
0.9370483	0.15623583
0.9370502	0.13985623
0.93704575	0.19635977
0.9370476	0.14407519
0.9370622	0.14186199
0.93707675	0.110887915
0.9370659	0.17302576
0.93706775	0.1536772
0.937076	0.104406826
0.9370651	0.20053406
0.93705434	0.13775747
0.93704355	0.15690982
0.9370644	0.09367033
0.93706626	0.111863405
0.9370744	0.19706267
0.93706995	0.14648248
0.9370529	0.1999812
0.93706733	0.14133243
0.9370755	0.0761037
0.93705845	0.2868943
0.9370917	0.058441706
0.9370999	0.14211825
0.9371205	0.11192066
0.9371035	0.18264715
0.93708646	0.1923155
0.93708205	0.21451448
0.9370839	0.1294239
0.9370857	0.15703139
0.9370813	0.17403373
0.93708307	0.20732056
0.9371099	0.07316866
0.9370618	0.24076
0.9370761	0.13261303
0.9370717	0.22493881
0.93707347	0.16615586
0.93706906	0.14584045
0.93708336	0.13277262
0.9370914	0.09882218
0.937087	0.195324
0.93710744	0.09417978
0.9371216	0.13740811
0.9371296	0.10788925
0.937119	0.21396889
0.9371022	0.18729466
0.9370854	0.22582482
0.93708104	0.21335301
0.9370705	0.2237463
0.9370785	0.10152048
0.9370926	0.11606864
0.9370944	0.12082349
0.9370715	0.2741662
0.9370857	0.06729484
0.9370998	0.1016214
0.93710154	0.10452656
0.93709105	0.20122853
0.9370805	0.19221985
0.9370885	0.11812856
0.9370964	0.15298034
0.93710434	0.1815919
0.9371245	0.10808728
0.93715084	0.05829462
0.9371403	0.18575346
0.9371421	0.14517134
0.93714994	0.14932781
0.9371517	0.1649078
0.9371534	0.17144798
0.9371429	0.19097435
0.9371447	0.12450796
0.9371281	0.2455131
0.93712986	0.15588719
0.9371255	0.13436241
0.9371334	0.15824202
0.937129	0.11681494
0.9371368	0.15811035
0.9371325	0.20342304
0.9371282	0.17220129
0.93714815	0.10679561
0.9371438	0.1989299
0.93713945	0.16533333
0.9371412	0.15126427
0.9371369	0.109628886
0.93711436	0.23314367
0.93711615	0.2064508
0.9371058	0.16798969
0.9371015	0.22263227
0.9371093	0.110468425
0.9370869	0.22390555
0.9370947	0.17415518
0.9370964	0.12967794
0.93710417	0.13879943
0.93710595	0.15683721
0.9371137	0.11483343
0.9370974	0.18984665
0.93709314	0.17972504
0.9371009	0.119537696
0.9370846	0.22631082
0.9370983	0.13610081
0.93705213	0.2920337
0.9370599	0.08792666
0.93706167	0.13497849
0.93705744	0.17837864
0.9370652	0.177822
0.9370669	0.10862612
0.93705076	0.21404858
0.9370525	0.14685285
0.93706024	0.14028123
0.937056	0.12301161
0.9370578	0.17384604
0.9370476	0.17519772
0.9370553	0.14065598
0.937069	0.11944077
0.93706477	0.20063616
0.9370606	0.17028344
0.9370683	0.12186057
0.9370759	0.11021648
0.9371014	0.09177047
0.93711495	0.1072858
0.9371226	0.13127416
0.93711245	0.1694565
0.93712604	0.12255229
0.9371277	0.16007449
0.93713534	0.14171806
0.9371429	0.1434487
0.93715644	0.10954391
0.9371463	0.19039561
0.9371657	0.11680953
0.93717915	0.09966001
0.9371808	0.14775905
0.9372001	0.07206455
0.9371959	0.14237763
0.9371975	0.13482024
0.9371992	0.13828857
0.9372067	0.1455409
0.93720835	0.16077994
0.9371982	0.18012233
0.93720573	0.10495846
0.937225	0.14585184
0.9372383	0.14329655
0.9372282	0.18681607
0.9372474	0.13308817
0.93721974	0.21987112
0.93723893	0.08201297
0.93725806	0.12653124
0.937248	0.19525206
0.93722624	0.22194359
0.9372337	0.12028358
0.9372353	0.14054337
0.9372602	0.07053718
0.93725014	0.17641231
0.9372285	0.23441514
0.9372185	0.16561364
0.9372201	0.11583072
0.9372217	0.18379723
0.9372407	0.11633567
0.9372423	0.13195056
0.9372555	0.1490097
0.9372513	0.17540672
0.9372587	0.1907001
0.93727183	0.1055488
0.93726766	0.17719798
0.9372634	0.1197459
0.93723035	0.22188573
0.93723196	0.13581765
0.9372278	0.123847984
0.9372294	0.20599745
0.9372252	0.14946936
0.93722683	0.15600295
0.93722844	0.14858273
0.93723005	0.16790347
0.9372144	0.21236023
0.93719876	0.16688986
0.9372118	0.105994664
0.93723065	0.12121412
0.93722075	0.214706
0.9372395	0.07661363
0.9372526	0.1318959
0.9372484	0.23058432
0.93723285	0.20014799
0.93725157	0.11378253
0.9372817	0.051593047
0.9372662	0.15923329
0.93727344	0.14277284
0.9372693	0.12924394
0.9372423	0.17918152
0.9372439	0.16269746
0.93723977	0.1777275
0.93723565	0.12842092
0.93725425	0.13615319
0.93725014	0.12398041
0.9372517	0.13839218
0.9372419	0.21628536
0.9372378	0.13130145
0.937228	0.17530602
0.9372126	0.18929663
0.9371858	0.24679022
0.93717045	0.1678137
0.9371777	0.12375923
0.937168	0.20091683
0.9371752	0.14023265
0.93717116	0.12886363
0.93717843	0.14186718
0.93718004	0.11407199
0.93715906	0.17054108
0.9371663	0.1307927
0.9371622	0.1419764
0.9371751	0.08287039
0.9371936	0.09755485
0.9371839	0.15361233
0.93717426	0.20403086
0.9371702	0.13983473
0.93714935	0.24912491
0.93716776	0.084487945
0.9371694	0.14316632
0.937171	0.12324302
0.9371669	0.16144268
0.93716294	0.15999159
0.9371645	0.13033774
0.9371829	0.09083579
0.93719566	0.1159314
0.9371972	0.21440928
0.9371876	0.123221844
0.93719476	0.1900962
0.9372019	0.1371284
0.93720347	0.14017045
0.93721056	0.12594411
0.937201	0.148762
0.9371859	0.16564526
0.937193	0.09322377
0.9371945	0.12045257
0.93719053	0.1750279
0.93717545	0.21515745
0.937177	0.105678014
0.93716747	0.28461713
0.9371691	0.16145329
0.9371706	0.14884283
0.9371777	0.11797599
0.93720144	0.09600683
0.93720853	0.11209431
0.93718797	0.22578438
0.937195	0.12008906
0.93719107	0.16959858
0.9372092	0.07561771
0.9372217	0.0905396
0.9372453	0.10416716
0.93725234	0.10657475
0.9372759	0.09102764
0.9372884	0.11576738
0.9372679	0.22307482
0.9372474	0.21589302
0.9372599	0.12710823
0.9372669	0.08605729
0.9372849	0.11755337
0.9372754	0.21147914
0.93726593	0.14695342
0.937251	0.19132303
0.93725795	0.12351346
0.93725395	0.15693904
0.93725	0.1507757
0.937257	0.121854
0.9372585	0.14171751
0.93726	0.1326349
0.93727237	0.11404486
0.93726844	0.17793499
0.93729174	0.09514261
0.93729866	0.15411627
0.93729466	0.13892353
0.93729615	0.13323706
0.93730307	0.11860227
0.93729365	0.12795967
0.9373114	0.083735
0.93732375	0.09104313
0.93735236	0.054048195
0.9373538	0.10085297
0.9373715	0.1351536
0.93735665	0.21241683
0.9373635	0.117870234
0.9373433	0.19035797
0.93731767	0.2176808
0.93734074	0.10249338
0.9373638	0.11136137
0.93735987	0.16781062
0.93736124	0.1539836
0.9373627	0.12617193
0.93735874	0.22807556
0.93734396	0.15206786
0.93734	0.15487641
0.9373576	0.086905815
0.93739134	0.07285656
0.9374142	0.07551664
0.93741024	0.14978878
0.9373848	0.22929169
0.93738616	0.17733574
0.9373876	0.14967483
0.9373944	0.12872867
0.9374065	0.09651048
0.9374186	0.11279096
0.93741995	0.19366106
0.9374267	0.14727154
0.93740666	0.24522686
0.9374134	0.123482235
0.9374148	0.13367495
0.9374215	0.08786093
0.93741757	0.13854028
0.9374136	0.12452793
0.93740964	0.22583528
0.93743235	0.07066881
0.9374284	0.19746967
0.93745106	0.08504486
0.93745244	0.110730894
0.93742716	0.16321398
0.93743384	0.110325605
0.9374512	0.11480383
0.93745255	0.14265186
0.9374751	0.072125085
0.93746585	0.1966
0.93746716	0.14443868
0.9374632	0.26238373
0.9374646	0.12932707
0.9374712	0.11079525
0.9374725	0.11923829
0.9374633	0.18159851
0.93746465	0.100629844
0.9374554	0.22997831
0.93746734	0.12178425
0.93745285	0.17579201
0.93745947	0.10184619
0.9374766	0.10681207
0.9374885	0.10488156
0.9375056	0.088717826
0.93749636	0.19838844
0.937503	0.15690026
0.937499	0.14179488
0.9375056	0.15758587
0.93752265	0.09701415
0.9375187	0.16678719
0.9375043	0.13676098
0.93750554	0.1449549
0.93750685	0.15692931
0.93748724	0.25455526
0.9374833	0.157068
0.9374794	0.15785944
0.9374807	0.17079756
0.937482	0.19415721
0.93750423	0.0652217
0.9374951	0.23032767
0.9374755	0.18748991
0.9374716	0.11725698
0.9374782	0.1395197
0.9374951	0.08448336
0.93750685	0.14317137
0.93751854	0.10698381
0.93751985	0.12977442
0.9375003	0.21810904
0.9375068	0.10673097
0.9375081	0.13687389
0.93753016	0.073953696
0.9375315	0.120463
0.93752754	0.11421807
0.9375444	0.09291854
0.9375353	0.14554739
0.9375314	0.16197436
0.93752235	0.21638735
0.937534	0.116664626
0.9375352	0.2303121
0.93754166	0.08927692
0.9375481	0.21081279
0.9375442	0.15271063
0.9375558	0.091958046
0.9375416	0.18694668
0.93754286	0.14612073
0.9375544	0.1205044
0.9375557	0.17582302
0.93757755	0.09183965
0.93759936	0.09614027
0.9375903	0.16695902
0.9375864	0.13689397
0.9375928	0.13180734
0.93756837	0.17001194
0.93757474	0.11253939
0.93757087	0.16072012
0.9375824	0.1311946
0.93758357	0.13147597
0.9376002	0.065292925
0.937627	0.07465516
0.9376282	0.12195709
0.93762946	0.18229122
0.93763065	0.1522733
0.93763185	0.12230629
0.93762285	0.15811938
0.9376445	0.091244765
0.9376355	0.18280575
0.9376163	0.17199501
0.9376328	0.12643856
0.9376391	0.17681
0.9376505	0.13371582
0.93764657	0.15642259
0.937663	0.097475536
0.9376744	0.068037175
0.9376654	0.16429505
0.93765134	0.18678415
0.93763226	0.22062743
0.93763345	0.15841076
0.9376448	0.1487902
0.93763584	0.1631393
0.93763703	0.17078762
0.9376534	0.088968866
0.9376546	0.12814428
0.9376457	0.15560673
0.93765193	0.1003329
0.93766326	0.10776404
0.9376543	0.17072338
0.93767065	0.10799828
0.93767685	0.14873892
0.93767804	0.15935501
0.93768424	0.14214991
0.9377005	0.13702624
0.93772686	0.07183229
0.93774307	0.09265006
0.9377593	0.081509136
0.9377554	0.13076937
0.93776155	0.117127
0.9377627	0.11742174
0.9377437	0.22064534
0.93773484	0.16958347
0.937751	0.086670354
0.93775713	0.13402411
0.93774825	0.15119666
0.9377594	0.12268451
0.9377605	0.16040634
0.9377766	0.110266924
0.93776274	0.17379726
0.93775386	0.19092207
0.93776	0.07665432
0.9377711	0.11010869
0.93774724	0.1801415
0.9377583	0.13001032
0.93775445	0.1296434
0.9377606	0.1172052
0.9377567	0.13887645
0.93777776	0.106510945
0.9377888	0.114956714
0.93778986	0.13734709
0.9377761	0.13924184
0.93779206	0.10027854
0.9377932	0.13814014
0.9378141	0.091378085
0.9378053	0.20638263
0.9378014	0.14569522
0.9378174	0.15027161
0.9378135	0.15496054
0.93782943	0.0952131
0.93784535	0.10596296
0.93786126	0.09351516
0.9378524	0.1649766
0.9378387	0.21917993
0.937815	0.2021871
0.9378013	0.20094645
0.9377876	0.14163965
0.93777883	0.1816622
0.9377898	0.15222262
0.9377958	0.1540075
0.93779194	0.18094184
0.9378078	0.08476825
0.93779904	0.17119585
0.9378001	0.1560973
0.9378061	0.15425315
0.9378072	0.0967256
0.937823	0.09515119
0.9378437	0.06689789
0.9378349	0.21027805
0.9378311	0.18719648
0.9378322	0.13597262
0.9378283	0.14392191
0.93783915	0.09476209
0.93783045	0.1561206
0.9378364	0.08622879
0.9378375	0.12991516
0.9378385	0.1642281
0.93784934	0.10430594
0.93785524	0.10372713
0.9378612	0.14481397
0.9378768	0.10166357
0.9378925	0.10002999
0.937913	0.080979794
0.9378994	0.18535315
0.93791014	0.15651941
0.9379063	0.16306418
0.9378879	0.16090956
0.9378792	0.17679614
0.93789965	0.14393145
0.93790066	0.1428453
0.93790656	0.13426591
0.9379124	0.1606867
0.9379086	0.17417626
0.93791926	0.12684196
0.9379058	0.2156612
0.9379068	0.17703445
0.9379175	0.10784029
0.93793297	0.08463117
0.9379388	0.14772329
0.9379301	0.1657334
0.9379263	0.20110017
0.9379273	0.16584045
0.9379235	0.105210096
0.9379245	0.12107188
0.9379351	0.0997806
0.93795055	0.0717226
0.93795633	0.148056
0.93796694	0.11766594
0.93797755	0.12660247
0.9379545	0.1942796
0.9379555	0.11270326
0.93794686	0.19323334
0.93794787	0.096187584
0.93796325	0.09315849
0.937945	0.20705086
0.9379556	0.117009304
0.93796134	0.14183526
0.9379671	0.114951104
0.9379633	0.13027425
0.93796426	0.13547887
0.9379509	0.18032737
0.9379567	0.09937933
0.9379768	0.09291948
0.93797773	0.20448905
0.9380073	0.060228966
0.9380178	0.1005385
0.9380283	0.1746342
0.93802446	0.1753102
0.9380444	0.08363982
0.9380406	0.13498577
0.93804634	0.094394885
0.938052	0.15508756
0.93805766	0.16917889
0.93803483	0.23768516
0.9380358	0.15685125
0.9380272	0.12528877
0.9380471	0.09077433
0.9380386	0.17792204
0.93799686	0.26410958
0.9380025	0.14596061
0.9379893	0.21582608
0.9379713	0.2130496
0.93796754	0.16893086
0.9379685	0.16577464
0.93798834	0.1007653
0.9380082	0.087076835
0.93800914	0.17198223
0.9380006	0.16577896
0.9380016	0.15939456
0.93800724	0.103365965
0.9380035	0.12839395
0.93799967	0.22010253
0.93801475	0.11239542
0.9380204	0.17154154
0.938026	0.13437316
0.9380411	0.12763003
0.9380467	0.12921202
0.938057	0.1105593
0.9380673	0.10389562
0.9380729	0.1382835
0.93806446	0.15561841
0.93805593	0.18716003
0.9380569	0.1259653
0.9380625	0.16794765
0.9380634	0.14208464
0.9380596	0.19195518
0.9380605	0.17018576
0.9380614	0.1252903
0.9380343	0.18660393
0.9380492	0.12342183
0.9380548	0.12892696
0.93806034	0.0863028
0.93806595	0.11558706
0.93807614	0.13247864
0.9380724	0.16273457
0.93809193	0.1295095
0.9381114	0.066898555
0.93812627	0.08560433
0.9381411	0.16771328
0.93812805	0.20637129
0.93814284	0.16539173
0.9381576	0.097864605
0.93813527	0.18638334
0.93812686	0.19419761
0.93813235	0.13569702
0.93811935	0.21003683
0.9381202	0.1651084
0.9381396	0.050980642
0.938159	0.08254585
0.9381645	0.13265945
0.9381514	0.26249024
0.9381292	0.25977656
0.9381347	0.13690054
0.9381309	0.17209606
0.93814564	0.088141575
0.938128	0.25744998
0.9381473	0.12361013
0.938162	0.08525886
0.9381536	0.1776769
0.9381637	0.09145236
0.9381692	0.12325982
0.9381746	0.12769252
0.93818	0.13964309
0.9381579	0.23581016
0.9381679	0.078303054
0.93816876	0.15371962
0.93818337	0.06913666
0.9381934	0.13753942
0.9382034	0.09043574
0.93819964	0.23335178
0.93820965	0.105681464
0.9382242	0.09905914
0.93822044	0.16780359
0.9382121	0.14816384
0.93819463	0.18227279
0.9381863	0.21387112
0.938178	0.16466425
0.93817884	0.16215897
0.93815225	0.23939963
0.9381577	0.17981459
0.93816763	0.11186739
0.93814564	0.22830482
0.93814194	0.15915434
0.93814737	0.110341266
0.93815273	0.13842852
0.93815815	0.16177155
0.93814534	0.18151107
0.93813705	0.23351498
0.9381243	0.16153479
0.93810695	0.1751676
0.93812597	0.06560702
0.938145	0.11311827
0.93815947	0.07051036
0.9381603	0.1630011
0.9381566	0.16347937
0.9381665	0.111023635
0.93817186	0.11712402
0.9381817	0.12592566
0.9381735	0.2100412
0.93816525	0.22701783
0.93816155	0.18039201
0.93814886	0.16116525
0.93814516	0.18041086
0.9381595	0.061734628
0.9381694	0.13725264
0.93818825	0.06435376
0.9381936	0.11688055
0.9381944	0.14077216
0.93820876	0.0854875
0.93820953	0.12355195
0.93821937	0.13069467
0.93822014	0.13023461
0.93823	0.11929975
0.9382263	0.12698479
0.9382226	0.12830685
0.93823683	0.0968214
0.9382376	0.19455603
0.93823844	0.18350095
0.93824816	0.121861994
0.93825346	0.13996856
0.93826765	0.14427775
0.93826395	0.2200369
0.93826026	0.17882887
0.9382745	0.10622362
0.9382842	0.114936225
0.93828046	0.14273366
0.9382723	0.17398077
0.93826413	0.15463944
0.93827385	0.077400565
0.9382657	0.1600458
0.93828434	0.06677535
0.9382762	0.16755937
0.9382725	0.17838894
0.93827325	0.18661018
0.9382874	0.08030826
0.9383015	0.108652264
0.9383067	0.1299459
0.93830746	0.1622463
0.93830824	0.19990872
0.9383134	0.12348082
0.93831414	0.14918786
0.93831044	0.21366678
0.9383112	0.1503967
0.9383075	0.1492735
0.9383038	0.15959421
0.9382957	0.19978723
0.9383009	0.12269994
0.9382884	0.20093401
0.9383024	0.11712164
0.93829876	0.13089001
0.93830836	0.13027027
0.93830025	0.24257341
0.93830544	0.13571791
0.9382885	0.25620455
0.9383025	0.08780117
0.9383209	0.103173345
0.9382996	0.1895611
0.93831795	0.084618
0.93829226	0.24828099
0.93829304	0.17297672
0.93829376	0.17024346
0.9383077	0.10464031
0.93830407	0.2783277
0.93830043	0.1251676
0.93832314	0.06746457
0.93834144	0.070958465
0.938329	0.19677489
0.9383341	0.12699741
0.93833923	0.14222631
0.93833995	0.19675031
0.9383495	0.17794447
0.9383721	0.06314896
0.9383597	0.19828482
0.93835163	0.16995804
0.93836987	0.089511774
0.9383618	0.19261639
0.93837565	0.10853175
0.938372	0.17210025
0.9383771	0.114105225
0.93836904	0.17871596
0.9383741	0.11632401
0.9383923	0.0899462
0.938393	0.13007978
0.9384024	0.12488511
0.9383813	0.2007686
0.93839073	0.11342287
0.93840885	0.08457218
0.93842256	0.11449401
0.9384363	0.11625853
0.9384283	0.18883377
0.938429	0.15032817
0.938421	0.2577982
0.93843037	0.11956842
0.9384267	0.15877156
0.93842304	0.17495906
0.9384064	0.16684014
0.93840706	0.15820315
0.9384164	0.102459736
0.93841714	0.189779
0.93840915	0.16706827
0.9384055	0.1670661
0.93840617	0.114802934
0.9384155	0.11551049
0.93843347	0.09086461
0.93842554	0.19743547
0.93841755	0.1651238
0.9384269	0.07659851
0.93843186	0.19068243
0.9384282	0.15009399
0.9384419	0.11514033
0.9384468	0.10925006
0.9384604	0.10641903
0.93846536	0.13059235
0.9384875	0.06770372
0.9384796	0.17207423
0.93847597	0.12699136
0.93847233	0.12730552
0.93848586	0.09752775
0.9384908	0.15629634
0.9384786	0.20373684
0.93849635	0.07714237
0.9385056	0.12481409
0.93851054	0.1703742
0.93851113	0.18371128
0.9385032	0.18376873
0.93851674	0.11702215
0.9385216	0.15152575
0.9384966	0.24679673
0.93849725	0.09475068
0.93850213	0.13917494
0.9385113	0.13762015
0.9385248	0.12349288
0.9385297	0.15671861
0.9385303	0.11832615
0.93854374	0.11510888
0.9385401	0.17809677
0.938545	0.12620512
0.9385541	0.11910096
0.9385377	0.23743881
0.9385383	0.106020354
0.9385389	0.193748
0.9385523	0.08687058
0.93854445	0.1824265
0.93854505	0.118534364
0.9385499	0.13587506
0.9385463	0.14203992
0.9385511	0.08962162
0.9385475	0.15701574
0.9385396	0.2134193
0.93854874	0.11181664
0.93854934	0.12958494
0.93855846	0.13567775
0.9385633	0.121966146
0.9385554	0.12936884
0.9385434	0.21734877
0.93856084	0.06275828
0.93855727	0.1946901
0.9385621	0.147265
0.93855846	0.1675695
0.93855906	0.1332733
0.938547	0.19155993
0.9385392	0.16818032
0.9385567	0.060377106
0.93854886	0.14743043
0.9385537	0.12520687
0.9385459	0.19181061
0.9385507	0.14284612
0.93854713	0.14011335
0.93856454	0.07588878
0.93854415	0.26184142
0.93855315	0.11046499
0.9385579	0.096943
0.93856275	0.12391874
0.93857175	0.114828974
0.9385849	0.09448047
0.9385981	0.117970906
0.93859863	0.10262738
0.93862015	0.06115017
0.9386124	0.20053835
0.9386046	0.16758475
0.9386177	0.1056773
0.9386225	0.13895568
0.9386147	0.15850045
0.93861526	0.16564868
0.93861586	0.14689022
0.938629	0.10263447
0.93863785	0.11920919
0.93862593	0.19882555
0.9386265	0.13497855
0.93862706	0.17299215
0.93863183	0.1679502
0.93861574	0.17313153
0.93863297	0.075724155
0.9386377	0.09642624
0.9386424	0.16036619
0.938643	0.18891187
0.93863523	0.2583007
0.9386441	0.09011862
0.9386322	0.22507933
0.9386286	0.16050687
0.9386292	0.16694756
0.93862563	0.13550776
0.93862206	0.15073414
0.93863505	0.0928222
0.9386356	0.1270411
0.9386486	0.084337905
0.938674	0.07138502
0.9386828	0.117007926
0.93867916	0.1478602
0.938688	0.10563285
0.9386968	0.12563656
0.93868494	0.19159313
0.93868136	0.14460644
0.93866956	0.16142742
0.9386742	0.24520746
0.93867886	0.12137822
0.9386835	0.10778876
0.93868	0.16253729
0.9386805	0.14376701
0.9386852	0.1162905
0.9386857	0.121324785
0.938678	0.16045952
0.9386868	0.12289599
0.9386873	0.11547374
0.93868375	0.15266052
0.9386884	0.11985976
0.9387013	0.10439562
0.9387141	0.13981944
0.93869823	0.21807876
0.93868643	0.21852762
0.9386952	0.13071336
0.9387039	0.085474655
0.93870854	0.12134306
0.93870497	0.13458458
0.9387178	0.11592974
0.93868965	0.237713
0.9386902	0.12913062
0.93870705	0.052630525
0.93871987	0.086989835
0.9387204	0.130192
0.938725	0.11129111
0.9387255	0.1594778
0.93874234	0.091932364
0.9387469	0.1501202
0.9387393	0.16590194
0.93874794	0.077344686
0.93873626	0.18427612
0.9387449	0.11103624
0.9387332	0.22536236
0.93874186	0.073413104
0.93874234	0.18338321
0.9387469	0.11953302
0.93875146	0.14249046
0.93874794	0.19651441
0.93876064	0.0911435
0.938753	0.16164428
0.9387616	0.10963897
0.9387743	0.09400804
0.9387829	0.14213791
0.9387712	0.14264198
0.93877983	0.119051926
0.93876815	0.22446579
0.9387687	0.1448843
0.93878126	0.0733972
0.93879795	0.08501728
0.9388065	0.10012863
0.9388191	0.076618
0.9388115	0.13137281
0.93881196	0.13713235
0.93881243	0.12224741
0.9388129	0.14217108
0.93880534	0.18455549
0.9388018	0.19901617
0.9388023	0.16718853
0.9388028	0.17989253
0.93880326	0.14158851
0.9388118	0.11012495
0.93881226	0.13347775
0.9388007	0.14890362
0.93880516	0.108638115
0.9388177	0.09004556
0.9388342	0.08147461
0.9388307	0.16223533
0.93883115	0.13943912
0.9388236	0.20872217
0.9388361	0.11388084
0.93884057	0.16569555
0.938853	0.09569773
0.9388535	0.13996872
0.9388579	0.10890148
0.9388624	0.15647137
0.9388549	0.1764373
0.93887126	0.095508814
0.93887573	0.1225605
0.93886423	0.23022309
0.93885267	0.19699201
0.93885314	0.14103892
0.9388576	0.13213961
0.938874	0.08415431
0.9388864	0.07363553
0.9388908	0.15002039
0.9388952	0.1741662
0.9388957	0.15544344
0.93888813	0.17595398
0.9388806	0.19714391
0.9388692	0.16589777
0.93886566	0.18948543
0.9388859	0.062206794
0.9388983	0.10701618
0.93889874	0.15471072
0.9388952	0.14365368
0.93889964	0.14092416
0.9388921	0.1898662
0.9388846	0.15474734
0.9388811	0.15023476
0.9388855	0.13596453
0.938886	0.117187664
0.93889034	0.11123081
0.9388868	0.17416786
0.93889123	0.13853143
0.9388996	0.07897773
0.9389	0.10154362
0.9389123	0.072437346
0.93892455	0.09552144
0.9389171	0.15832588
0.9389136	0.15988354
0.93892187	0.123657525
0.938942	0.06789414
0.93894637	0.15865093
0.9389468	0.24354333
0.9389236	0.24033272
0.9389201	0.18159777
0.93892443	0.18083972
0.9389288	0.13096763
0.9389292	0.11434946
0.93892175	0.15259
0.9389261	0.14165437
0.93894225	0.08649366
0.9389427	0.14894412
0.93895483	0.1375889
0.938967	0.11932008
0.93897134	0.14121208
0.93897957	0.11539405
0.9389682	0.1682079
0.93898815	0.070507236
0.9389925	0.117436476
0.93900067	0.06741589
0.9390011	0.15676957
0.9390093	0.09920121
0.9390136	0.15815257
0.9390101	0.1306486
0.9390144	0.14609398
0.93901086	0.16030121
0.9390112	0.17991439
0.9389999	0.16299433
0.9389847	0.2682708
0.93896955	0.19758578
