0.57	1.5754085
0.54	1.5957228
0.56	1.1938454
0.545	1.5527823
0.564	1.2392968
0.56333333	1.4471033
0.56857145	1.8960494
0.5675	1.7322162
0.5833333	0.9979423
0.584	1.3176858
0.59363633	1.0293771
0.58916664	1.4295343
0.59923077	0.7408419
0.6021429	1.1279547
0.61	0.9138546
0.606875	1.3843284
0.61470586	0.8799186
0.61944443	0.8105106
0.6210526	1.1414225
0.6215	1.2419057
0.6238095	1.1884226
0.6272727	0.92874926
0.6269565	1.2287738
0.63208336	0.8969489
0.6332	0.91031855
0.63653845	0.9603906
0.6385185	0.92105955
0.6439286	0.648105
0.6451724	0.9389659
0.6446667	1.1795993
0.6477419	0.8789776
0.648125	0.99476033
0.65090907	0.6686974
0.65294117	0.87914157
0.65314287	0.8579235
0.6538889	1.0092187
0.6535135	1.0162537
0.6536842	0.99960035
0.6551282	0.87203646
0.658	0.6696751
0.6590244	0.90656507
0.6609524	0.7500403
0.6606977	1.0881588
0.6611364	0.8910601
0.6626667	0.7624643
0.6639131	0.71106476
0.6648936	0.95827705
0.665625	0.79704046
0.6677551	0.7214706
0.6702	0.49819377
0.6721569	0.6363392
0.6715385	0.9747867
0.67490566	0.6106093
0.67685187	0.629562
0.67745453	0.92456955
0.67892855	0.69099617
0.6796491	0.7845842
0.6803448	0.8962988
0.6825424	0.5265678
0.68483335	0.5632117
0.68409836	0.9390548
0.68435484	0.97353166
0.6847619	0.8483671
0.6853125	0.7148095
0.6870769	0.53394103
0.6878788	0.75076324
0.68850744	0.7592321
0.68911767	0.715123
0.6891304	0.9487029
0.68957144	0.67360777
0.69112676	0.5984693
0.69208336	0.54509634
0.6921918	0.7907039
0.69297296	0.83536726
0.694	0.83091295
0.695	0.57660884
0.69532466	0.735009
0.6974359	0.45951268
0.6982278	0.65628946
0.698875	0.6575802
0.7001234	0.45349303
0.7004878	0.6341341
0.7006024	0.63723046
0.7009524	0.7008075
0.70047057	0.92244446
0.7	0.8488927
0.7004598	0.5798601
0.70102274	0.7719334
0.70123595	0.68149644
0.7022222	0.5261244
0.7034066	0.5635179
0.7034783	0.74045694
0.70419353	0.6775657
0.705	0.62073374
0.70526314	0.60995173
0.7059375	0.61691034
0.7072165	0.39838237
0.707551	0.58232
0.7072727	0.61279464
0.7073	0.8092779
0.7082178	0.48798344
0.7088235	0.5871654
0.70970875	0.41803378
0.7106731	0.5106988
0.7114286	0.5862047
0.7122642	0.54790586
0.7130841	0.43573213
0.714537	0.3382352
0.71458715	0.8147323
0.7147273	0.60391283
0.71486485	0.7956181
0.71526784	0.55534965
0.71566373	0.5752157
0.7159649	0.5506537
0.7164348	0.5209794
0.7165517	0.55259734
0.71692306	0.5799954
0.7170339	0.7320766
0.71756303	0.47663432
0.71725	0.6481414
0.7177686	0.5554865
0.71786886	0.74646235
0.71837395	0.55254817
0.7195968	0.42856774
0.71984	0.6299233
0.7203968	0.5510379
0.72062993	0.5061079
0.72125	0.44016066
0.7212403	0.6474615
0.72146153	0.68517274
0.7219084	0.46882835
0.7232576	0.3295111
0.7238346	0.39247566
0.7236567	0.63608277
0.7242963	0.4709131
0.7247059	0.50261
0.7251095	0.50819266
0.726087	0.53417486
0.72618705	0.60010386
0.7261429	0.62985146
0.72631204	0.6239391
0.7264789	0.61907935
0.72692305	0.568345
0.72729164	0.6074563
0.727931	0.5017952
0.72821915	0.657519
0.7284354	0.77761734
0.72905403	0.47518268
0.7294631	0.57451385
0.72966665	0.6179009
0.7298676	0.6141484
0.7303947	0.5088762
0.730719	0.52886224
0.7311688	0.44933495
0.73174196	0.47372738
0.7319872	0.57551956
0.7321019	0.56077015
0.73227847	0.5062624
0.73213834	0.5996709
0.732625	0.583627
0.7329814	0.48272723
0.73333335	0.43786576
0.7334969	0.5533705
0.7340244	0.42903233
0.73448485	0.43814227
0.7348795	0.5281885
0.7352695	0.5163628
0.7356548	0.36144257
0.73615384	0.5086162
0.7367647	0.4336112
0.7374269	0.44751114
0.73726743	0.59875757
0.7372254	0.57312804
0.7375862	0.54858
0.73805714	0.44053409
0.7383523	0.5530274
0.73870057	0.59416366
0.7391573	0.522592
0.7394972	0.4985177
0.74	0.3570359
0.740442	0.47451848
0.74038464	0.58507276
0.7403825	0.5099632
0.74027175	0.5569053
0.73994595	0.6640903
0.7398387	0.5903542
0.74010694	0.4358822
0.7401596	0.6118562
0.74068785	0.4052545
0.7410526	0.49018276
0.74099475	0.55670387
0.74125	0.49148682
0.7418135	0.30255264
0.7420103	0.5366672
0.74210256	0.5323518
0.74239796	0.50182796
0.7427411	0.41563633
0.7431818	0.38942814
0.7435176	0.4398761
0.74375	0.5269173
0.7437313	0.50845194
0.7439109	0.48094082
0.744335	0.4211317
0.7442647	0.5321967
0.7445854	0.38476682
0.7446116	0.4789877
0.74449277	0.6243971
0.7449519	0.38730365
0.7455981	0.2818035
0.7458571	0.5345694
0.74620855	0.40161756
0.7466038	0.3758199
0.7468545	0.46859035
0.74705607	0.46491668
0.7475349	0.39767915
0.7477315	0.43957365
0.7480645	0.32141218
0.7485321	0.40061486
0.74885845	0.4732546
0.7490909	0.506171
0.74914026	0.44569468
0.7493243	0.58335984
0.7495516	0.5029478
0.74986607	0.35401082
0.75004447	0.42497054
0.75017697	0.53428656
0.75035244	0.49552646
0.75039476	0.5594357
0.7508734	0.35462776
0.7508696	0.5806512
0.75116885	0.43455184
0.7512931	0.5548527
0.751588	0.38499823
0.75175214	0.43104896
0.75212765	0.44478157
0.7520339	0.55668664
0.7521519	0.442232
0.752437	0.36936948
0.7525105	0.5018935
0.75275	0.46845233
0.75282156	0.42740762
0.75280994	0.5680725
0.75296295	0.4466159
0.7532377	0.40529233
0.7534694	0.42179567
0.75365853	0.4275504
0.7539271	0.48839748
0.75415325	0.4193739
0.75445783	0.47916055
0.75444	0.54559827
0.7548207	0.34938863
0.7549603	0.39212468
0.7553755	0.29666504
0.75574803	0.33023274
0.75592154	0.49591464
0.7560156	0.4731711
0.75626457	0.38017464
0.75639534	0.4952762
0.7566409	0.47219294
0.75684613	0.42835328
0.75720304	0.32403988
0.7573283	0.4254029
0.7574525	0.45170644
0.757803	0.3281317
0.7580755	0.39489138
0.7581579	0.46581113
0.7583146	0.4277311
0.7585821	0.36135742
0.7587732	0.39899626
0.7592222	0.3354064
0.759631	0.40010616
0.7595956	0.6171944
0.75989014	0.40986618
0.75992703	0.4987289
0.7603273	0.38721406
0.76021737	0.5513699
0.76039714	0.40359733
0.76057553	0.40992454
0.7608244	0.3906018
0.76089287	0.44945842
0.76124555	0.29431966
0.7614894	0.4322285
0.7617668	0.3316796
0.7621127	0.34211618
0.7624211	0.40277314
0.76244754	0.49306327
0.7625087	0.4509573
0.76239586	0.62906206
0.762526	0.36825883
0.76303446	0.2510328
0.76323026	0.40844932
0.76332194	0.4568826
0.76361775	0.2869906
0.7639456	0.41458702
0.7642373	0.44060552
0.7645608	0.33438468
0.7646128	0.51758236
0.7645973	0.46163738
0.7646823	0.5188681
0.76486665	0.36215198
0.7650166	0.4493034
0.76533115	0.38382378
0.76564354	0.30549428
0.765625	0.5048645
0.7657705	0.47450176
0.76604575	0.36350167
0.7662215	0.34543675
0.7664286	0.390702
0.7665049	0.4624063
0.7666129	0.4295086
0.76688105	0.34978065
0.76724356	0.29017782
0.7674121	0.4401353
0.767293	0.60247874
0.76755553	0.31895196
0.7675633	0.40269595
0.7676656	0.44731688
0.7678302	0.3677049
0.7678997	0.44735703
0.76790625	0.49400285
0.7679439	0.4869968
0.76798135	0.42579997
0.7681734	0.41621917
0.7684568	0.29026118
0.7687692	0.2672182
0.76883435	0.48942608
0.76926607	0.28577048
0.7695122	0.41554344
0.76954406	0.47280404
0.76975757	0.3674985
0.76996976	0.37516266
0.77021086	0.45916733
0.77048045	0.29865402
0.77062875	0.38995317
0.77080595	0.3408863
0.7709524	0.3966845
0.7710979	0.44394463
0.77118343	0.4296725
0.7712094	0.48519623
0.77152944	0.2865452
0.7717302	0.34160206
0.77178365	0.49797326
0.7719242	0.39785713
0.772093	0.37504226
0.772029	0.57995784
0.77219653	0.43152115
0.77253604	0.31738657
0.7725575	0.41480872
0.77272207	0.4395206
0.7728286	0.38844785
0.7729915	0.35271308
0.7731534	0.41645604
0.7731728	0.45837012
0.7733333	0.42018595
0.77357745	0.29911178
0.77373594	0.3445789
0.7740056	0.2961559
0.7741341	0.38438115
0.77431756	0.3318671
0.7742222	0.54299337
0.77415514	0.5112972
0.7741713	0.4565111
0.7745179	0.26667157
0.7746429	0.412335
0.77454793	0.46163067
0.7747814	0.2964759
0.7749046	0.39491042
0.77502716	0.3825978
0.77523035	0.33430314
0.7753784	0.38673437
0.7755256	0.33246994
0.7755914	0.3997493
0.7757373	0.3114895
0.7759358	0.3536723
0.776	0.4257699
0.7761702	0.40341392
0.776313	0.38174686
0.7765079	0.37501866
0.7767282	0.33427826
0.7766842	0.49499467
0.7770341	0.24289902
0.77727747	0.36978042
0.77741516	0.4042824
0.777526	0.33866772
0.77755845	0.436686
0.77779794	0.30789816
0.7779845	0.32673222
0.77819586	0.30214128
0.7783291	0.3934507
0.7784359	0.3662598
0.778491	0.3880021
0.77862245	0.3124439
0.7787786	0.44440064
0.7789086	0.42666763
0.7791392	0.31166798
0.7792172	0.46508875
0.7793451	0.4404753
0.7793467	0.4243589
0.7793734	0.47302428
0.7795	0.37674376
0.77965087	0.3789456
0.779801	0.36895838
0.7797767	0.52419585
0.7797277	0.49811405
0.77980244	0.39129
0.7800739	0.3177413
0.78014743	0.39027297
0.7802941	0.42072338
0.7804401	0.45457286
0.78063416	0.32951677
0.7806083	0.43849477
0.7808495	0.3359977
0.78099275	0.3322831
0.7811594	0.37307927
0.7812289	0.41014576
0.7813221	0.37369183
0.7813909	0.40676293
0.78141147	0.40119237
0.7814559	0.4063102
0.78159523	0.37338567
0.7816865	0.3810767
0.7818484	0.3825997
0.7818912	0.37552544
0.78193396	0.45232064
0.782	0.43323338
0.7819718	0.52085596
0.7820375	0.38590565
0.7820327	0.41025382
0.78219116	0.387419
0.7823488	0.38435456
0.7824594	0.3067692
0.78247684	0.44208872
0.78258663	0.3578118
0.7826728	0.41539234
0.7826667	0.49979877
0.7828899	0.26839772
0.7830435	0.30608222
0.78303653	0.43034774
0.7831435	0.37887135
0.78313637	0.43131813
0.783356	0.33648106
0.7833937	0.44014955
0.783702	0.2049594
0.7837162	0.40513906
0.7838427	0.32222134
0.78390133	0.34741268
0.78402686	0.344618
0.78404015	0.42981398
0.78407574	0.38730562
0.7842	0.34819368
0.78441244	0.31778947
0.78431416	0.46708882
0.7844812	0.34492412
0.7847137	0.31651363
0.78476924	0.38262314
0.7847807	0.41781634
0.7847484	0.48251235
0.78489083	0.30292642
0.7850109	0.32252473
0.7851739	0.34319904
0.7854013	0.26247996
0.78549784	0.4224457
0.78550756	0.43019485
0.785625	0.3775129
0.78567743	0.36274356
0.7858584	0.33849946
0.7860171	0.32265005
0.7860897	0.47093427
0.786162	0.4132637
0.78631914	0.33029708
0.7864544	0.37542143
0.78648305	0.43476304
0.78661734	0.31612277
0.78677213	0.35058346
0.7868842	0.41716862
0.7870168	0.34048927
0.78706497	0.32935172
0.7871757	0.33871529
0.7873486	0.3122958
0.7873125	0.3937586
0.78733885	0.44906434
0.78742737	0.32423514
0.7875362	0.34859917
0.7877273	0.30044004
0.7878763	0.34813896
0.787963	0.3911437
0.7879261	0.35441533
0.78790987	0.38522828
0.7880368	0.35675815
0.78808165	0.36190963
0.7882485	0.31207463
0.78831303	0.36197025
0.78843814	0.30589843
0.7884818	0.37774858
0.7886869	0.27336112
0.78889114	0.24882025
0.78897387	0.32339132
0.7891365	0.3030592
0.7890982	0.52786577
0.78924	0.32576153
0.7893613	0.34872904
0.78942233	0.34253615
0.7895229	0.3070099
0.7895238	0.40539345
0.78970295	0.27512062
0.78972334	0.42492864
0.7898619	0.27089414
0.7900197	0.3120971
0.79	0.47211984
0.7901176	0.3576299
0.79017615	0.38399428
0.7901172	0.40819785
0.7902144	0.34465495
0.7903502	0.29720113
0.7905631	0.27016398
0.79062015	0.34864607
0.790735	0.39057305
0.7907722	0.33291826
0.7908285	0.32375127
0.79084617	0.4000231
0.7909597	0.32271317
0.7910728	0.3651524
0.79114723	0.31421873
0.7913359	0.31299448
0.7913714	0.4083943
0.7914259	0.3717717
0.79148006	0.4094344
0.7915152	0.4093533
0.7915123	0.36459625
0.79150945	0.3571777
0.79160076	0.3102765
0.7916917	0.40202323
0.7918762	0.3038704
0.79202247	0.29367283
0.79209346	0.376332
0.7922575	0.24584824
0.79217875	0.5076227
0.7922491	0.34407347
0.7923562	0.26913735
0.7923704	0.41264752
0.79249537	0.29522985
0.7925092	0.47607812
0.7926151	0.31365204
0.7927941	0.25406498
0.7928807	0.3066929
0.7930037	0.29876322
0.7931444	0.30004948
0.7932664	0.34843802
0.79335153	0.32002267
0.7933818	0.41781825
0.79346645	0.37347335
0.79358697	0.32110512
0.7936347	0.38276294
0.79370034	0.376779
0.7937658	0.3633724
0.79370505	0.4478222
0.7936984	0.5137053
0.7938172	0.35611194
0.79381037	0.47095078
0.79398215	0.29828882
0.7939929	0.40232533
0.7940747	0.41008228
0.7942451	0.29539254
0.7943617	0.3255925
0.79431856	0.390674
0.79432863	0.39905518
0.79444444	0.31005058
0.79455984	0.2982488
0.7946573	0.280871
0.79468423	0.34312138
0.79481614	0.37917483
0.7949126	0.33211514
0.7950262	0.30604848
0.7951045	0.32763913
0.79526955	0.3181242
0.79538196	0.3113192
0.79538995	0.37058407
0.79544985	0.36799276
0.7955786	0.3131565
0.7956379	0.30605498
0.7957315	0.39539266
0.79582477	0.27436116
0.79588336	0.40686303
0.79601026	0.34189036
0.79613674	0.3320635
0.79619455	0.44180146
0.79632026	0.34765252
0.79642856	0.3995146
0.79640067	0.47764385
0.7965085	0.34199795
0.7966836	0.26290086
0.79685813	0.26443923
0.79688025	0.42278185
0.7968182	0.48823816
0.7969916	0.24543087
0.79699665	0.38918942
0.7971189	0.2813842
0.79720736	0.32398036
0.797212	0.3632143
0.79733336	0.36153537
0.797421	0.30327204
0.7975249	0.36625516
0.7974295	0.4732646
0.7975	0.35471818
0.7976033	0.28950903
0.7976733	0.34918416
0.7977759	0.35247275
0.79791117	0.31544974
0.7978818	0.51266015
0.7979672	0.37416863
0.7981342	0.27480653
0.7981863	0.33921626
0.7982545	0.34756646
0.79830617	0.37285644
0.79830897	0.4264835
0.7984578	0.27773562
0.79857373	0.29506612
0.79875404	0.27993172
0.79886913	0.27620286
0.7988871	0.4315577
0.7989855	0.3008371
0.7990675	0.3542772
0.79906905	0.4011348
0.7991346	0.35273528
0.799216	0.28332675
0.7993291	0.33574674
0.79936206	0.33328122
0.79944265	0.41582158
0.79960257	0.25682262
0.7997302	0.26438206
0.79982567	0.35719
0.7998576	0.36811498
0.7998262	0.43121323
0.7997634	0.44134533
0.7997638	0.45158413
0.7999371	0.23706315
0.7999843	0.40569976
0.80003136	0.3310811
0.8	0.44225037
0.800125	0.29346356
0.8000936	0.38660467
0.8001713	0.40016827
0.8001711	0.39877188
0.80031055	0.3057282
0.8004186	0.31631684
0.80043346	0.4130287
0.80044824	0.43331012
0.8004784	0.32195055
0.80043143	0.47702438
0.8004923	0.3304584
0.80052227	0.3720207
0.8005828	0.28901955
0.80059725	0.35763752
0.80071867	0.29435632
0.8007023	0.41868287
0.800686	0.4052924
0.8007458	0.35640895
0.80083585	0.3259287
0.8009105	0.26197192
0.8009091	0.40975335
0.801059	0.26306772
0.8011027	0.3624148
0.80111617	0.40407357
0.8012048	0.26131234
0.801188	0.4204918
0.8012462	0.38727355
0.8012444	0.3795982
0.80121255	0.42380235
0.80130047	0.30110845
0.80132836	0.42257926
0.8014009	0.34418583
0.8014881	0.29552105
0.8015156	0.38854083
0.8015875	0.3464366
0.80167407	0.35996
0.80173075	0.39443424
0.80180204	0.3179413
0.80196166	0.25968733
0.80197346	0.35924792
0.8020147	0.3419304
0.8020558	0.36730954
0.8019648	0.47739097
0.8020791	0.25040084
0.80209064	0.3943883
0.80216056	0.33287203
0.80227405	0.32413957
0.8023872	0.35835916
0.80242735	0.363289
0.8024238	0.41298732
0.80247825	0.34405586
0.8025615	0.2842754
0.80263007	0.37464878
0.8027273	0.28620553
0.8028098	0.33420798
0.8028345	0.37627324
0.8028161	0.3742229
0.8028551	0.37767217
0.80283666	0.39361557
0.8028469	0.37372136
0.80291426	0.32544705
0.80298144	0.34544685
0.8030769	0.31192452
0.80312943	0.36329377
0.8032102	0.3562788
0.8032766	0.3138497
0.80325776	0.48573193
0.8033805	0.2656973
0.8033757	0.40026966
0.80332863	0.35770145
0.8034648	0.27209565
0.803488	0.36893585
0.8036236	0.24786434
0.80374473	0.26539752
0.8037815	0.36273777
0.80376226	0.37779778
0.80379885	0.4184059
0.8038494	0.3743139
0.8037326	0.53348416
0.8038387	0.28150323
0.8038472	0.4111673
0.8038558	0.3206807
0.80397505	0.32379168
0.80405253	0.2985941
0.8042127	0.25483528
0.80426204	0.46341756
0.8042149	0.5165955
0.8043054	0.29283112
0.80418956	0.55347466
0.804321	0.22684787
0.8043151	0.34482342
0.80433655	0.36742306
0.8043989	0.33320245
0.8044338	0.36290932
0.80452317	0.28174263
0.8045442	0.36915204
0.80463314	0.3021587
0.8046947	0.35881066
0.8047832	0.35013688
0.8048038	0.36791307
0.8048649	0.35154617
0.8049933	0.20574653
0.80506736	0.3037069
0.8051009	0.35351947
0.8051478	0.34302884
0.8052215	0.33908626
0.80529493	0.3230027
0.8054217	0.22636934
0.80558825	0.2728192
0.805741	0.22144304
0.8058	0.31208095
0.8058855	0.29604173
0.80595744	0.3554355
0.8060425	0.3526753
0.8060345	0.36076128
0.806106	0.27821097
0.806164	0.32715228
0.8061955	0.3756086
0.80621374	0.38092536
0.8062978	0.32616675
0.80632895	0.36703107
0.8064783	0.26596972
0.8065092	0.3478426
0.8066055	0.2902433
0.8065969	0.4107057
0.80662745	0.33363107
0.80672324	0.3013294
0.8067536	0.29078582
0.806875	0.35164422
0.8069701	0.25924993
0.80706495	0.32159135
0.8070817	0.35031018
0.8070207	0.38897994
0.8071281	0.25349474
0.80724806	0.28356883
0.80732906	0.31084496
0.80735826	0.35804054
0.80736166	0.3118973
0.8074422	0.28973567
0.8075353	0.2784201
0.8075769	0.38474768
0.80766964	0.29817542
0.8076343	0.43833458
0.8076756	0.3202116
0.80776787	0.31607926
0.8078344	0.3283111
0.8079516	0.2496018
0.8080305	0.35268202
0.8081472	0.27839115
0.80825096	0.283093
0.80831647	0.29057157
0.8083818	0.31820738
0.8084091	0.35466927
0.8084741	0.2958779
0.8084761	0.31998658
0.8085283	0.32970193
0.8085176	0.36850914
0.8085947	0.3000119
0.80865914	0.2864282
0.8087484	0.27484947
0.8087875	0.30670875
0.80882645	0.36840957
0.8088778	0.28876185
0.8089041	0.37052703
0.80896765	0.38491863
0.8090186	0.33011752
0.8090819	0.28702587
0.8091326	0.35782468
0.8091832	0.4233682
0.8092336	0.3321435
0.80934566	0.2894105
0.8093712	0.36952808
0.8093842	0.38903603
0.8095326	0.2729047
0.8095823	0.3247452
0.8096687	0.2808339
0.80970585	0.3288635
0.80982864	0.23969185
0.80987775	0.29066053
0.8099145	0.36248547
0.8099268	0.34146366
0.80990255	0.45171598
0.8099635	0.27317768
0.8099271	0.42144194
0.80998784	0.293648
0.80996364	0.4177317
0.81	0.34416363
0.8100363	0.33809033
0.8101087	0.26996896
0.81020504	0.27387998
0.810253	0.28163213
0.810361	0.32650268
0.81046873	0.21704292
0.8104442	0.37809578
0.8105036	0.26599908
0.81056285	0.3294936
0.8107177	0.21855001
0.81071687	0.45672572
0.81077564	0.27061734
0.8108224	0.3338198
0.81090474	0.24867623
0.8109988	0.23227842
0.810962	0.42617366
0.8109964	0.38043332
0.8111137	0.20967162
0.8112189	0.22563687
0.811182	0.3414869
0.81118065	0.3254111
0.8112146	0.3068069
0.8112603	0.3387495
0.81137645	0.20306374
0.8114571	0.28562632
0.81140846	0.39257964
0.8114771	0.3155516
0.81151056	0.28453794
0.8115789	0.2975144
0.8116355	0.30215758
0.81166863	0.35701177
0.81172496	0.32336834
0.81173456	0.36738786
0.81186044	0.20578595
0.8119396	0.27274156
0.81203014	0.2791686
0.81208575	0.26829192
0.8121296	0.36794892
0.812185	0.27361533
0.81225175	0.25685063
0.8122607	0.40351796
0.8123502	0.28282502
0.81240505	0.2684232
0.81234485	0.50988233
0.8124225	0.25406158
0.81247705	0.2770806
0.8125315	0.31148335
0.81258583	0.2929141
0.8126743	0.2502014
0.8127854	0.25278246
0.81286204	0.29173785
0.8129499	0.2714885
0.8130375	0.2311498
0.8130909	0.33636788
0.81312144	0.38460857
0.81315196	0.28297517
0.81322765	0.27498573
0.81325793	0.33658475
0.8132768	0.33650672
0.8132957	0.34718838
0.8133596	0.28505
0.8134234	0.28576347
0.8135096	0.26200494
0.81351686	0.33513224
0.8136027	0.2714505
0.8136659	0.29594722
0.81370664	0.3076848
0.8136801	0.39265418
0.8137542	0.28002983
0.81378347	0.3410266
0.8138796	0.24387737
0.8139421	0.30592287
0.81401557	0.2877635
0.81402224	0.37386116
0.81409544	0.29866508
0.8142018	0.22793438
0.8142857	0.28329727
0.8143473	0.2715908
0.81443095	0.29729033
0.81445915	0.31871784
0.8145094	0.23031326
0.81455946	0.30360648
0.81462044	0.3778452
0.8146264	0.34547672
0.8146652	0.28526098
0.81473684	0.32230052
0.81477547	0.31222355
0.8148359	0.29650992
0.8148087	0.37756783
0.814869	0.32788163
0.81494004	0.30404046
0.81504357	0.31646958
0.8150925	0.30841917
0.81515217	0.33838302
0.81523347	0.24344592
0.815282	0.28388116
0.81536293	0.2443809
0.8154004	0.34195387
0.81545943	0.31332284
0.81549674	0.2999369
0.81550163	0.39420635
0.81559265	0.26725417
0.8155651	0.34903404
0.8156129	0.31348163
0.81568205	0.3003618
0.8157189	0.31194338
0.8157556	0.31968248
0.81572807	0.37704232
0.8157433	0.3154587
0.81582266	0.30479133
0.81589115	0.28349853
0.81599146	0.2495134
0.81607026	0.31765983
0.81612766	0.3129307
0.8161424	0.3044047
0.8162208	0.2574519
0.816299	0.293947
0.81634533	0.3801299
0.8164127	0.2829512
0.8164694	0.33750236
0.81656814	0.20415504
0.81664556	0.2843445
0.81670177	0.29580683
0.8167263	0.34143162
0.81678236	0.31074342
0.8168802	0.21093225
0.816915	0.2573819
0.8169916	0.28032076
0.8170262	0.3421557
0.81707114	0.25661206
0.8170846	0.37174252
0.8172025	0.23124132
0.817268	0.29018366
0.81725	0.36350432
0.8173257	0.24013764
0.81739086	0.3065152
0.8174559	0.29846728
0.81758296	0.2306689
0.81759584	0.3077385
0.8176915	0.26709124
0.8177456	0.3041619
0.81772727	0.42829314
0.8178328	0.21387856
0.81794846	0.18108873
0.8179197	0.38054368
0.8180144	0.20720059
0.81801647	0.37095994
0.8181314	0.20509928
0.81817436	0.30840167
0.8181967	0.3497511
0.8182088	0.38062543
0.81825155	0.31331035
0.8183044	0.2658786
0.81838775	0.25789878
0.8183996	0.33444995
0.8184623	0.29735816
0.81846386	0.37057477
0.81851625	0.29107425
0.818467	0.47605783
0.81849897	0.36948758
0.8185816	0.2668925
0.8186032	0.33971074
0.818635	0.3113345
0.81868684	0.2605717
0.81872857	0.27456635
0.8187298	0.3239394
0.8187311	0.33693513
0.81880283	0.2533212
0.81888443	0.31376037
0.81894577	0.28511956
0.81897694	0.33024544
0.819008	0.2772475
0.81904906	0.26948616
0.81907	0.35279945
0.81907094	0.35900646
0.81913173	0.34758994
0.8191326	0.32794312
0.8191833	0.29031837
0.8192139	0.34753686
0.8192644	0.3037699
0.8193446	0.23430733
0.81935745	0.35783172
0.81938785	0.25393322
0.8194776	0.25751865
0.8195771	0.20557521
0.81961703	0.2997829
0.8196668	0.29937986
0.81971645	0.2873088
0.819766	0.29767492
0.8198745	0.24079484
0.8199632	0.2731909
0.8200222	0.26604185
0.82011056	0.23949105
0.8201006	0.32521737
0.82016915	0.25688344
0.8202179	0.30796254
0.8202666	0.25937206
0.82033473	0.23820929
0.8203832	0.23820548
0.82039255	0.37269685
0.8204506	0.2810877
0.8204794	0.31742358
0.8205178	0.28760588
0.820527	0.37432975
0.82060415	0.3430932
0.820652	0.30081695
0.8206998	0.2518204
0.8207475	0.29803738
0.8207661	0.31923175
0.82081366	0.26720154
0.82085145	0.27526942
0.82089883	0.24341415
0.8209365	0.24781519
0.8209452	0.36672986
0.82101154	0.307278
0.8210106	0.43015096
0.82109594	0.23757382
0.82110447	0.3177892
0.8211034	0.36527312
0.8211502	0.27407882
0.8211491	0.4205172
0.821148	0.35628587
0.8212232	0.24324408
0.8213078	0.24163823
0.8213636	0.27497098
0.8214004	0.28629187
0.82140857	0.33609664
0.8214642	0.30898136
0.82149124	0.3186623
0.8214993	0.35580063
0.82156414	0.22458172
0.8216194	0.23024769
0.8216273	0.33547944
0.82172954	0.1700832
0.8218034	0.2920123
0.82185817	0.31982136
0.82195055	0.23294288
0.82203335	0.20830235
0.82208776	0.24893184
0.82207644	0.44340056
0.8220745	0.30672616
0.82213813	0.2526397
0.8221829	0.26668522
0.822265	0.23221464
0.822319	0.33291656
0.82231677	0.41121396
0.8223146	0.3667273
0.822359	0.33128688
0.8223848	0.37494186
0.82241976	0.28711116
0.82244533	0.38189
0.8224988	0.22377989
0.8225428	0.36585087
0.8226331	0.24434446
0.8226769	0.29201218
0.8227484	0.2581922
0.8228013	0.25695613
0.82286334	0.27678645
0.8228883	0.26121196
0.8229133	0.30275908
0.8229566	0.28198028
0.8229723	0.35423133
0.8230247	0.27852803
0.82305866	0.34377792
0.8231017	0.27215594
0.82309884	0.32399964
0.82311434	0.34310466
0.8231663	0.2804827
0.8232091	0.3212164
0.82325184	0.27298555
0.82329446	0.24662867
0.8232641	0.41422
0.82335216	0.2416337
0.8234037	0.25270873
0.8234188	0.27765825
0.823452	0.3128103
0.8234579	0.3741839
0.82353634	0.2848061
0.82356936	0.27441165
0.8236023	0.35346892
0.8236171	0.28926662
0.8236951	0.23342401
0.823791	0.23228864
0.82381463	0.38068068
0.82384723	0.3285559
0.8238438	0.39000598
0.82387626	0.3390242
0.8239087	0.30958226
0.82397693	0.27366745
0.82401824	0.29758206
0.82406837	0.34013847
0.8241005	0.32641742
0.824213	0.20937511
0.8242897	0.24567673
0.8243037	0.36109444
0.8242999	0.34230882
0.82434946	0.31429273
0.8243634	0.3131689
0.8243951	0.3535685
0.82440007	0.34798935
0.82448494	0.25863045
0.8244987	0.39708787
0.8245745	0.20975085
0.8246324	0.30454022
0.8246725	0.270245
0.8247126	0.27389798
0.8247172	0.36247388
0.82479244	0.27781776
0.82484996	0.2958962
0.8248721	0.3200133
0.8248502	0.40316954
0.8248811	0.32062566
0.82489437	0.35140884
0.82496905	0.22472246
0.8250086	0.28511742
0.82505673	0.29465172
0.825061	0.39239594
0.82504785	0.31580755
0.8251221	0.23483346
0.82517	0.2504357
0.82521784	0.30290732
0.8252481	0.3908058
0.8252958	0.26871043
0.8252999	0.32131204
0.8253561	0.22336465
0.8254123	0.25322112
0.82541627	0.36338
0.8255069	0.20046188
0.8255714	0.25614586
0.82560986	0.295891
0.82564825	0.26065937
0.82564336	0.36574373
0.8256817	0.3166824
0.8256854	0.38668942
0.8257494	0.2761191
0.82581335	0.26597384
0.82589436	0.19709411
0.82594943	0.2962251
0.8259787	0.3250301
0.8259564	0.39632785
0.8260199	0.2644986
0.8260404	0.34252164
0.8260866	0.2495836
0.82619256	0.15767133
0.8262214	0.2770154
0.8262246	0.34436885
0.8262961	0.21792598
0.8263248	0.3065484
0.8262683	0.45194912
0.8263311	0.25431287
0.82635117	0.2773386
0.8263798	0.32299504
0.8263828	0.33475435
0.8264198	0.27458796
0.82647365	0.2684454
0.8265105	0.3029661
0.8265557	0.28622285
0.82652485	0.37885132
0.82657	0.24117464
0.8266235	0.27552006
0.82665163	0.34355655
0.82665443	0.34346217
0.82667404	0.33341825
0.82669365	0.28042418
0.8267301	0.291332
0.82680833	0.21639328
0.8268613	0.25424302
0.82687235	0.31346536
0.82686657	0.353044
0.82687753	0.3092901
0.8269136	0.29145277
0.8269496	0.34626892
0.82701886	0.21249866
0.82707137	0.29512122
0.8271155	0.2418219
0.82710123	0.41363135
0.8271785	0.18408726
0.82722235	0.23999485
0.8272579	0.32089087
0.8272767	0.3228216
0.8273204	0.30576196
0.8273392	0.27277145
0.82735795	0.40524045
0.82737666	0.27164263
0.8274036	0.27726525
0.82746357	0.3015333
0.8274986	0.26073068
0.82757485	0.20298943
0.8276098	0.23950917
0.8276693	0.2477838
0.8277288	0.211651
0.8277553	0.29459125
0.82778996	0.33501014
0.82783276	0.2616563
0.8278591	0.28563958
0.8278445	0.4046894
0.82793623	0.17038041
0.8279706	0.30254182
0.8279641	0.3792605
0.82796574	0.38373426
0.8280082	0.24915323
0.8280831	0.1851803
0.82807654	0.30491856
0.8281188	0.25297856
0.8281853	0.27601054
0.8282111	0.26846746
0.82823694	0.29668456
0.82820594	0.32701087
0.8282398	0.3149462
0.8282898	0.23714904
0.82830733	0.28708518
0.82833296	0.3094231
0.8283343	0.34233
0.8284244	0.19497465
0.82849014	0.24940836
0.8284994	0.3175935
0.82858914	0.2190324
0.82862246	0.2868866
0.82867175	0.2887034
0.8286969	0.34567955
0.82873803	0.29704088
0.8287711	0.3127612
0.82882017	0.29367596
0.82885313	0.23265056
0.82887006	0.28156507
0.82894284	0.2454686
0.8289277	0.3870412
0.8289605	0.314942
0.8289533	0.33561575
0.82900995	0.20206003
0.82905847	0.2876488
0.8290831	0.3345865
0.82910764	0.32219332
0.8291242	0.3266528
0.82916456	0.23866029
0.8291573	0.31849912
0.8292055	0.18916973
0.82922196	0.2878299
0.82928586	0.28236568
0.8293022	0.36113495
0.8293501	0.30115336
0.8293743	0.32779884
0.8294221	0.23750047
0.82942253	0.30720264
0.8294466	0.29840302
0.82947063	0.3872957
0.8294868	0.31955096
0.82951075	0.24536419
0.8295896	0.18214825
0.82962126	0.38942143
0.82962155	0.3414481
0.82962966	0.3395437
0.82964563	0.29466125
0.8296928	0.25622532
0.8297477	0.2895579
0.8298103	0.23743625
0.8298494	0.27612913
0.8298807	0.25895768
0.8298964	0.3162525
0.82986534	0.38849574
0.8299043	0.30565158
0.82993543	0.32717744
0.8300131	0.2013649
0.83002084	0.31745803
0.8300751	0.2324254
0.8301137	0.22293648
0.83018327	0.21215618
0.83020633	0.30815506
0.83019847	0.3228734
0.8302215	0.3428072
0.8302521	0.2739139
0.83027506	0.28880376
0.8303518	0.24937396
0.8303977	0.24818188
0.8304666	0.19120844
0.8305047	0.27164268
0.8305043	0.27380118
0.8305653	0.25040686
0.8306262	0.26911733
0.83065635	0.28553483
0.8306788	0.30195513
0.83065534	0.48900273
0.8306625	0.26899877
0.8307078	0.28892592
0.83073777	0.30459595
0.83081347	0.19828352
0.8308433	0.26073104
0.8308807	0.2837409
0.8309409	0.28066653
0.8309554	0.28396282
0.83100027	0.27857116
0.8310678	0.25156596
0.8311201	0.28637365
0.83115715	0.25524563
0.8311638	0.2879258
0.8311629	0.36916947
0.83121496	0.26738435
0.83125937	0.23384117
0.83128864	0.26818055
0.8313254	0.2854258
0.83136207	0.29693702
0.83137614	0.28005862
0.83142775	0.21772078
0.8314568	0.28793633
0.83149326	0.28010193
0.8315447	0.29068586
0.8315661	0.28614444
0.8315799	0.36047503
0.83157873	0.39566773
0.8315925	0.40068585
0.8316437	0.28353545
0.8317172	0.22115222
0.8317757	0.23624304
0.8318266	0.24117094
0.8318551	0.29556426
0.83191335	0.22246471
0.8319566	0.29399538
0.83195513	0.2787196
0.831976	0.34631225
0.8320117	0.2547454
0.83203995	0.32231823
0.83201617	0.38518083
0.8320814	0.20013736
0.8321243	0.27846843
0.83215237	0.28956437
0.8322247	0.24774484
0.83220094	0.46473137
0.83223623	0.32014278
0.8323158	0.18448777
0.83232886	0.2959486
0.83236396	0.31302136
0.8324138	0.27569973
0.8324194	0.3511728
0.83238816	0.39133838
0.8324526	0.22531529
0.8324214	0.32908273
0.832471	0.21642032
0.8325279	0.25775385
0.8325333	0.3209305
0.8325681	0.2971429
0.8326028	0.31543502
0.832674	0.20685871
0.83275974	0.2393209
0.8327723	0.2988082
0.8327849	0.34235057
0.8328412	0.20514277
0.8328683	0.25731832
0.8329026	0.21154936
0.832915	0.32453337
0.832942	0.27056596
0.83298343	0.30793685
0.8330248	0.2982622
0.83308065	0.29120183
0.8331219	0.30000427
0.8331414	0.30599976
0.8331608	0.32742065
0.83320194	0.23592961
0.83326465	0.25371516
0.8333273	0.21437494
0.8333321	0.35666016
0.83334416	0.31387502
0.8333778	0.24609879
0.83341134	0.2583289
0.83348083	0.23060459
0.83349276	0.26573232
0.83353335	0.22923253
0.8335667	0.25457904
0.8335857	0.2601585
0.83357596	0.3800049
0.8335877	0.26405278
0.8335923	0.34189302
0.83364695	0.24843085
0.83367294	0.32271218
0.8336989	0.2942658
0.8336963	0.3636548
0.8337079	0.30955264
0.83372664	0.25418457
0.83376676	0.25366718
0.833821	0.2696996
0.83383256	0.34166482
0.83385825	0.323744
0.8338626	0.35042077
0.83387405	0.3052475
0.8338855	0.2656636
0.8339324	0.1855898
0.8339438	0.3050053
0.8339905	0.2807372
0.83403724	0.260085
0.8340697	0.2368992
0.8340739	0.34859657
0.8340922	0.34462297
0.83411753	0.26933295
0.8341499	0.23435178
0.83419627	0.28659198
0.8342215	0.3835425
0.83426774	0.2556445
0.8342999	0.35587746
0.8343741	0.18594891
0.8344132	0.26847023
0.8344311	0.3399386
0.8344561	0.29919955
0.834488	0.27708906
0.8344988	0.30107337
0.83449566	0.3343629
0.8345415	0.23795061
0.83456624	0.30139562
0.83459795	0.3033777
0.83462965	0.26253712
0.8346543	0.26761386
0.8346719	0.3429393
0.8347105	0.24328047
0.834735	0.2919227
0.8347317	0.37286037
0.8347701	0.26861265
0.83482236	0.26303595
0.8348606	0.2475084
0.8349127	0.21597861
0.83495086	0.23964353
0.8350028	0.22982535
0.83500624	0.38362008
0.835065	0.22425121
0.83508915	0.27457723
0.83513397	0.25890374
0.8351718	0.24056414
0.83516824	0.41087666
0.83519226	0.30464646
0.8352231	0.24451782
0.83526075	0.23172846
0.8353053	0.31085578
0.8352948	0.39872664
0.83531857	0.28183374
0.8353424	0.25020492
0.83536613	0.2922408
0.8353967	0.24817237
0.83543414	0.2602843
0.83547145	0.28093407
0.8354677	0.4174302
0.83548445	0.26582885
0.83553535	0.25612018
0.8355725	0.2951388
0.83559597	0.26892176
0.8356399	0.26952484
0.8356769	0.30070984
0.8356934	0.27287036
0.83569634	0.3674596
0.83573323	0.31910846
0.8357769	0.23521866
0.8358205	0.2556193
0.8358369	0.32466224
0.83582616	0.36103675
0.8357951	0.41335347
0.83579797	0.31129777
0.8358211	0.26824418
0.8358577	0.27598336
0.835901	0.2117569
0.8359578	0.2142432
0.836001	0.22664717
0.83603066	0.27592158
0.836067	0.25498334
0.8361168	0.21525174
0.83615303	0.27099067
0.8361556	0.3111059
0.836138	0.39680398
0.83615404	0.3233538
0.8361835	0.26608947
0.8362263	0.24437496
0.8362288	0.3614516
0.8362849	0.2776334
0.83631414	0.29330307
0.8363099	0.29804504
0.8363057	0.308539
0.8363616	0.28469804
0.8363907	0.2953783
0.83641976	0.27454537
0.8364755	0.20606352
0.83649117	0.26288238
0.8365201	0.28178388
0.8365889	0.17867999
0.836651	0.16249155
0.83665323	0.2932192
0.8367019	0.20722759
0.8367373	0.30992758
0.8367991	0.22850406
0.8368343	0.23490667
0.8368431	0.31686231
0.8368981	0.20391078
0.83691335	0.28846896
0.83688897	0.3681894
0.8369108	0.27977666
0.836959	0.19656633
0.83698744	0.3024821
0.8370487	0.26106498
0.83709675	0.24232407
0.8371513	0.26958746
0.8371992	0.19506721
0.8372208	0.27392834
0.8372817	0.2225758
0.837336	0.1924956
0.8373771	0.22568247
0.83739847	0.26155022
0.8374395	0.27077574
0.8374477	0.28412783
0.8374821	0.22635789
0.8375426	0.20690937
0.83757687	0.26172403
0.83762413	0.26179296
0.8376779	0.19735107
0.837712	0.24710983
0.83772004	0.33689958
0.837728	0.38332173
0.83777505	0.2251892
0.8377895	0.29343084
0.83784294	0.26795062
0.8378703	0.26218316
0.83791065	0.27088082
0.837899	0.3501282
0.83794576	0.20958738
0.8379471	0.34888503
0.8379743	0.22381079
0.8380145	0.20834664
0.83804804	0.29555196
0.83809453	0.20381314
0.8381087	0.24347019
0.8381422	0.20827961
0.8381821	0.2706213
0.8382155	0.20566002
0.838236	0.30938867
0.8382564	0.28989592
0.83825755	0.2959953
0.8382715	0.29691753
0.838279	0.31828877
0.8382994	0.22281614
0.83832616	0.2935871
0.8383465	0.24932314
0.83837956	0.24275391
0.8383742	0.28758538
0.83836883	0.34068924
0.8383891	0.2953913
0.83840287	0.34752333
0.8383975	0.31742093
0.8384432	0.2295426
0.83846974	0.25663877
0.8384962	0.3051361
0.8385163	0.28512487
0.8385873	0.16734238
0.8386327	0.1905016
0.8386463	0.33684048
0.8386726	0.22976024
0.8386861	0.3401773
0.8387377	0.1816967
0.83871317	0.40957105
0.83874565	0.25494435
0.8387528	0.31729892
0.8387979	0.24826165
0.8388429	0.21662305
0.83890057	0.26272294
0.83889496	0.3620739
0.8389209	0.25594476
0.8389216	0.32141408
0.8389601	0.21552719
0.8389671	0.2752994
0.83899295	0.2163361
0.8390061	0.28755268
0.83903193	0.30134866
0.8390451	0.33073765
0.8390897	0.2621291
0.8391154	0.37395883
0.8391411	0.27347222
0.83919173	0.19393167
0.8392236	0.27816713
0.83924913	0.27337578
0.8392371	0.36241993
0.83928764	0.19590999
0.8393193	0.2952303
0.8393135	0.3302608
0.8393576	0.2191724
0.83939546	0.24338846
0.83943325	0.21354891
0.83942115	0.34271106
0.83946514	0.2593278
0.8394717	0.31931123
0.83949685	0.24555115
0.8395345	0.20733437
0.8395721	0.3022493
0.83961576	0.20727383
0.839616	0.35868403
0.8396473	0.24991322
0.83969086	0.22909929
0.83970344	0.309313
0.83973455	0.22925696
0.8397842	0.22554575
0.8397782	0.32811892
0.83980304	0.26142544
0.83980316	0.3318671
0.8398218	0.28229314
0.8398589	0.2196994
0.83992064	0.1666588
0.839933	0.31333455
0.8399392	0.37422094
0.83996385	0.34769
0.840013	0.23859073
0.83998847	0.3739208
0.8400253	0.23521405
0.8400621	0.26683593
0.84008044	0.27817035
0.84012944	0.27370608
0.8401539	0.2563259
0.8402089	0.19779581
0.84027606	0.14507297
0.84032476	0.21999712
0.84036124	0.23523302
0.84037936	0.29497334
0.84039134	0.28968287
0.84040326	0.26954383
0.8404579	0.16000691
0.8404881	0.2654935
0.8405365	0.17875126
0.8405848	0.18510702
0.8406392	0.20846689
0.84065706	0.25971022
0.8406749	0.25281847
0.8406987	0.28477657
0.8407165	0.24945301
0.8407403	0.20467089
0.84070957	0.3732196
0.84070307	0.3886288
0.84073895	0.24304159
0.84075063	0.33792332
0.8407804	0.21152951
0.840792	0.30789626
0.84080964	0.28041798
0.8408393	0.19941205
0.8408569	0.25567442
0.84084433	0.3051075
0.84086186	0.24506983
0.84090346	0.22355516
0.8408909	0.35769904
0.8409565	0.21017551
0.84096795	0.32823968
0.84096134	0.32167077
0.84100276	0.27809715
0.84103817	0.23816362
0.8410675	0.2810138
0.84113276	0.20433637
0.84113806	0.34892395
0.8411254	0.43677747
0.84117854	0.16236198
0.8412137	0.20846
0.84124285	0.207761
0.84128386	0.23465942
0.8413069	0.2340869
0.84133	0.24711661
0.8413292	0.32937554
0.8413463	0.31344274
0.84135145	0.2956525
0.84137446	0.28421214
0.8414033	0.2247332
0.8414441	0.2858787
0.84144914	0.27284846
0.841472	0.2860192
0.84149486	0.26757884
0.8414999	0.34848204
0.84152865	0.27179742
0.84153956	0.25462267
0.8415564	0.24984495
0.8415673	0.31097078
0.8415723	0.33024827
0.8416245	0.20089535
0.84164715	0.27726576
0.841658	0.29748183
0.8416982	0.18489087
0.8417267	0.2197039
0.84178454	0.1835136
0.84184235	0.24148606
0.84187657	0.21093805
0.84192836	0.23395516
0.84195656	0.24868071
0.84198475	0.32506084
0.84198946	0.3296685
0.8419883	0.3797261
0.84201646	0.23067704
0.8420621	0.18265328
0.84211355	0.21565315
0.842165	0.19127373
0.8421988	0.26542848
0.84221506	0.2923919
0.8422196	0.2734283
0.84226495	0.21763545
0.84230447	0.16796736
0.84233814	0.24716377
0.84234256	0.27590823
0.84235287	0.2820185
0.8423922	0.22399038
0.8424199	0.26240563
0.84243596	0.30636084
0.8424578	0.30011404
0.8425202	0.14252378
0.8424897	0.4309394
0.84253466	0.19688636
0.842568	0.21480756
0.84258384	0.27657002
0.8425939	0.2743925
0.84260976	0.23580351
0.8426314	0.27019972
0.84266454	0.2437562
0.8426919	0.24030504
0.84273654	0.24464476
0.84273493	0.3373497
0.84276795	0.23254178
0.8427721	0.30977845
0.8428051	0.23938765
0.842815	0.27482718
0.8428191	0.26985034
0.8428405	0.28935367
0.84286755	0.27279857
0.8428774	0.30773744
0.8429102	0.26797876
0.8429716	0.18185581
0.8429699	0.369395
0.8429911	0.2683084
0.8430352	0.2485133
0.843085	0.23653893
0.84312326	0.22547644
0.8431443	0.36852384
0.8431825	0.24199602
0.84322065	0.24214111
0.84326446	0.23777285
0.84328544	0.29179916
0.8433405	0.22596698
0.8433728	0.2149421
0.84345627	0.113067776
0.84344864	0.36103263
0.84345806	0.28854978
0.8434674	0.37802655
0.84349954	0.3160268
0.843543	0.20620742
0.8435523	0.3187672
0.8435673	0.31451303
0.84358793	0.24399085
0.84359723	0.24105588
0.84363484	0.21769844
0.84366107	0.23876666
0.8436873	0.22751938
0.8436513	0.3885745
0.84366614	0.304959
0.84369797	0.16052404
0.84372973	0.2249764
0.8437389	0.2786021
0.8437706	0.21698108
0.8437966	0.23386765
0.8438452	0.22626196
0.84384865	0.29040974
0.8438633	0.29562533
0.84386116	0.34629846
0.8438927	0.25246888
0.84390175	0.2709575
0.84395564	0.19213273
0.84399825	0.20254113
0.84401846	0.22735226
0.8440666	0.16309671
0.84405315	0.43995813
0.8440956	0.20807596
0.8440766	0.30391246
0.8441134	0.21908346
0.8441167	0.32998455
0.844159	0.19827755
0.8442292	0.14318499
0.8442436	0.23860136
0.84430254	0.23183756
0.8443447	0.17563158
0.844359	0.25642085
0.8443732	0.237182
0.8443708	0.3250722
0.8444017	0.2067487
0.84442705	0.24518226
0.8444468	0.23838924
0.8444998	0.17867668
0.8445361	0.23888615
0.8445613	0.2341749
0.84458095	0.30663884
0.84463376	0.17281397
0.8446533	0.26681754
0.8446894	0.20903131
0.84472	0.23359239
0.8447395	0.24902049
0.84472585	0.30059305
0.84476185	0.19465575
0.8447923	0.24233247
0.84481174	0.232689
0.84484214	0.23237215
0.8448945	0.122503005
0.8449248	0.27058285
0.8449276	0.28486878
0.8449799	0.21127719
0.8450101	0.24205576
0.84504575	0.24129099
0.8450375	0.370669
0.84505117	0.33370757
0.8450868	0.22328402
0.8451278	0.21849181
0.84511954	0.35255587
0.84517694	0.17944607
0.84519595	0.31060648
0.8452423	0.22967309
0.84525585	0.2950009
0.8452639	0.32130164
0.84527737	0.28630832
0.8452909	0.3584005
0.845288	0.34411946
0.84532326	0.24116099
0.84534216	0.28119794
0.84538275	0.15550321
0.84539074	0.24655886
0.84543127	0.18655226
0.8454718	0.2368285
0.8454851	0.28223115
0.84548753	0.33324
0.8455442	0.15691485
0.84556836	0.22589174
0.8455816	0.26223978
0.8455894	0.2981445
0.845608	0.23505229
0.8456212	0.37317905
0.8456668	0.23502472
0.8456908	0.2699279
0.84572554	0.2289619
0.845798	0.14538088
0.84582186	0.24164835
0.8458295	0.34822193
0.84585327	0.28799117
0.8458932	0.17820802
0.8459277	0.23423027
0.84595144	0.29846522
0.8459859	0.25458115
0.8459827	0.26982176
0.84600097	0.30967578
0.8460353	0.1822915
0.84603745	0.28844273
0.8460717	0.22944897
0.846106	0.2309552
0.84615093	0.18100432
0.84614766	0.34050068
0.8461658	0.22495992
0.8461892	0.23133327
0.8462073	0.31572613
0.8462254	0.25279558
0.8462701	0.20355645
0.8462828	0.26786706
0.8462954	0.2758923
0.8462921	0.3492859
0.84631	0.24047129
0.84634393	0.1957332
0.84637785	0.23332396
0.8463638	0.35680303
0.84637636	0.29322404
0.84640485	0.19322567
0.8464174	0.25037318
0.84642994	0.27751818
0.8464424	0.26567522
0.8464655	0.27256003
0.8464992	0.24664289
0.84651166	0.3017726
0.8465453	0.26968777
0.8465683	0.29275954
0.84659654	0.21333474
0.8465825	0.39098236
0.84658957	0.29481584
0.8466336	0.21572421
0.84664595	0.25721315
0.84666353	0.2834214
0.8466653	0.30318597
0.84670395	0.2187575
0.8467109	0.26405933
0.8467074	0.2931428
0.8467302	0.23687533
0.8467477	0.26021215
0.84677565	0.26394096
0.84680367	0.20514368
0.8468106	0.33087924
0.8468385	0.24425186
0.84686637	0.26225445
0.8468732	0.2930671
0.8468906	0.26293746
0.84692365	0.2103266
0.8469096	0.37430885
0.84693736	0.23457557
0.84695464	0.27241448
0.84698755	0.2361169
0.8470257	0.17792557
0.8470429	0.24248709
0.84707576	0.21747458
0.8470929	0.30842444
0.84708923	0.35315526
0.8471168	0.21549524
0.84714955	0.23259158
0.8471562	0.29692575
0.8471785	0.2158185
0.8471852	0.30832693
0.8472334	0.18553963
0.84723485	0.27962786
0.84724146	0.31440306
0.8472792	0.26063815
0.8472962	0.2571157
0.8473028	0.33969513
0.8473249	0.2744301
0.8473625	0.15770154
0.8473794	0.24575607
0.84739625	0.24083804
0.8474286	0.18494406
0.8474093	0.405364
0.84742093	0.26206374
0.847412	0.30901778
0.8474185	0.25682998
0.84745073	0.204517
0.847483	0.17706709
0.84750485	0.25758225
0.84754217	0.26077718
0.8475795	0.23222996
0.84758586	0.30144927
0.84762305	0.18771154
0.8476243	0.30599412
0.84764093	0.31693658
0.84769857	0.17935951
0.84773564	0.14464581
0.8477522	0.3173034
0.84775335	0.31889483
0.8477801	0.21349068
0.84780174	0.26332974
0.8478335	0.23668295
0.84786534	0.23389536
0.8478664	0.34204644
0.8478726	0.29737064
0.84790945	0.21260248
0.8479411	0.26275685
0.84796256	0.23948818
0.847984	0.23830248
0.8480156	0.18863554
0.8480574	0.20311657
0.8480533	0.37950587
0.8480848	0.19318037
0.8480959	0.3055945
0.8481325	0.2313925
0.8481639	0.18276884
0.8481902	0.2576908
0.8482114	0.26390508
0.84820217	0.34700003
0.84824365	0.21213993
0.8482952	0.15246716
0.8483113	0.256909
0.8483324	0.28972185
0.8483585	0.20198776
0.84837455	0.24008
0.8483804	0.41244072
0.8484014	0.2057703
0.8484426	0.20637707
0.84847367	0.25946084
0.8484795	0.27669019
0.84851557	0.19784203
0.84852636	0.26025578
0.84852207	0.37020883
0.8485379	0.25720137
0.84857893	0.2082102
0.8486249	0.19942544
0.8486356	0.2991807
0.8486715	0.20493999
0.84869224	0.24307433
0.8486829	0.39905417
0.84872365	0.1627375
0.84871423	0.39251214
0.848745	0.20168395
0.8487706	0.22732733
0.8488013	0.19942984
0.8488269	0.21990342
0.8488425	0.22661775
0.84885806	0.23403125
0.84888864	0.18817572
0.8488992	0.24849743
0.8489047	0.34596834
0.84892523	0.22207533
0.84892577	0.23983675
0.84895617	0.19657734
0.8489766	0.2515411
0.84901196	0.25548673
0.84904236	0.25099477
0.8490826	0.19030549
0.84911287	0.20733698
0.8491332	0.27318513
0.8491783	0.1946463
0.8492035	0.28035802
0.84920394	0.3762696
0.84923905	0.19440374
0.8492444	0.2715993
0.8492596	0.2330741
0.8492798	0.25455013
0.8493049	0.3249841
0.8493053	0.27942586
0.8493204	0.2815642
0.8493504	0.23003964
0.8493705	0.21695724
0.8493856	0.2802147
0.8494106	0.21917227
0.84945035	0.16627422
0.84943086	0.36492166
0.8494558	0.20455101
0.84950036	0.23483822
0.84953016	0.19340885
0.84955007	0.2434319
0.8495798	0.22503571
0.8496242	0.21306013
0.8496195	0.40292037
0.84964424	0.20850275
0.849669	0.2095773
0.8497035	0.2099864
0.8497036	0.26740864
0.8497332	0.17790386
0.84977245	0.20599867
0.84979707	0.22824158
0.8498363	0.20347273
0.8498706	0.21034375
0.8498951	0.22553276
0.84990984	0.23577832
0.8499148	0.28747815
0.84992945	0.29244685
0.84996367	0.19072108
0.8500027	0.1895369
0.8500417	0.1847363
0.8500709	0.24977079
0.8501098	0.1981764
0.85014385	0.19421148
0.85019726	0.16265127
0.8502166	0.3423762
0.85025537	0.19814578
0.85025525	0.27704352
0.85028917	0.27197343
0.850289	0.31943476
0.8502986	0.2782679
0.8503324	0.21704401
0.8503322	0.3264568
0.85034657	0.29392046
0.8503803	0.220034
0.8504188	0.16706847
0.8504186	0.26920506
0.8504571	0.175563
0.85046655	0.32027575
0.85047114	0.31315818
0.8504661	0.32065156
0.85047066	0.2150584
0.85049456	0.22303975
0.85049915	0.31687182
0.850523	0.2869664
0.85052276	0.35440776
0.8505321	0.26087853
0.8505511	0.2561437
0.85057485	0.24655555
0.8505794	0.26474023
0.8505743	0.3601246
0.85059327	0.26179492
0.8505834	0.28126603
0.8505831	0.3300984
0.8505876	0.23742741
0.85059214	0.26308092
0.8506062	0.2532019
0.85063463	0.19820222
0.8506487	0.25291145
0.8506771	0.17067553
0.8507102	0.1966241
0.85073376	0.21944164
0.8507573	0.23327251
0.85078084	0.2786164
0.8508234	0.24326819
0.85085166	0.19305803
0.8508846	0.19857031
0.8509032	0.21737976
0.85091233	0.2096132
0.85096425	0.15387063
0.8509924	0.20739774
0.85102516	0.21383454
0.85103893	0.27488834
0.8510432	0.27959412
0.85107595	0.21404509
0.8510755	0.31350496
0.8510939	0.29067793
0.8511029	0.28218567
0.8511261	0.19473144
0.85116816	0.15990305
0.85120076	0.18638127
0.8512286	0.23278575
0.85124695	0.29863086
0.85126054	0.2560904
0.85127413	0.2537648
0.85129243	0.2551385
0.85131073	0.26739228
0.85132426	0.296568
0.8513519	0.16886383
0.85135126	0.34904686
0.8513695	0.22460742
0.8514066	0.19290984
0.8514483	0.17760874
0.85149467	0.14642888
0.8515175	0.31813625
0.85154027	0.30457056
0.8515583	0.2667174
0.8515764	0.24174091
0.85159445	0.20387638
0.85159373	0.29147404
0.8515789	0.3098589
0.85158753	0.26885176
0.8516102	0.30056316
0.8516282	0.27975357
0.8516415	0.23710495
0.8516922	0.121858425
0.8517148	0.21734233
0.8517374	0.2524627
0.8517599	0.29869306
0.85175914	0.3015831
0.85178167	0.27089813
0.85178083	0.33798945
0.8518126	0.19849704
0.8518304	0.2340868
0.8518203	0.2877723
0.851852	0.2296672
0.85186046	0.2894882
0.8518689	0.2628619
0.8518913	0.2039015
0.8519044	0.21472946
0.8519221	0.28390083
0.8519398	0.31946376
0.85195744	0.24739169
0.8519844	0.19523586
0.8519974	0.23522249
0.852015	0.2492086
0.8520558	0.21461712
0.852078	0.261428
0.85210484	0.21504845
0.85212237	0.26674283
0.8521445	0.20918848
0.8521481	0.3071991
0.85219336	0.15769319
0.852197	0.32145402
0.8522098	0.31088176
0.85226417	0.1639526
0.852277	0.3395959
0.85228515	0.26359054
0.85230714	0.24222612
0.8523199	0.19635268
0.85232806	0.2797598
0.8523592	0.18357639
0.8523673	0.2969153
0.8524122	0.14968367
0.8524341	0.21591459
0.8524559	0.21851696
0.8524502	0.2832794
0.8524628	0.31683585
0.85248464	0.27561626
0.8525202	0.21816663
0.85255575	0.21282373
0.85257745	0.24268156
0.85258543	0.29932237
0.8526026	0.17835408
0.852638	0.21002474
0.85265505	0.21089478
0.85267216	0.24332719
0.8526983	0.20649154
0.85271996	0.23450866
0.8527187	0.2800373
0.85273117	0.2652719
0.85273445	0.27901527
0.85276055	0.22441855
0.85278666	0.17406061
0.8528036	0.2508262
0.85281146	0.2551769
0.8528238	0.29891345
0.85282254	0.28298357
0.85284394	0.26411557
0.85286087	0.2591423
0.85285044	0.33929828
0.8528673	0.24775422
0.8528706	0.22307608
0.8528874	0.22357894
0.8529088	0.23314679
0.85291654	0.2712921
0.8529469	0.25542653
0.8529546	0.2168643
0.85295784	0.25271082
0.85299265	0.19106069
0.85301846	0.25426275
0.8530306	0.21243124
0.8530473	0.20552965
0.8530911	0.11919938
0.8530942	0.26879233
0.85309285	0.36589187
0.8531005	0.28434402
0.85314417	0.16130923
0.85317427	0.20987271
0.85318637	0.30247644
0.85321194	0.17354709
0.853233	0.23123702
0.8532315	0.31077054
0.853266	0.21390723
0.8532736	0.28479022
0.85328555	0.27238464
0.85328853	0.34580573
0.8533006	0.30042532
0.8532991	0.26332715
0.8532931	0.36683542
0.8532961	0.25848192
0.85331255	0.26133403
0.8533245	0.20427215
0.85333645	0.29157758
0.85336626	0.23564738
0.8533782	0.25381574
0.8533811	0.2899064
0.85341984	0.17543429
0.8534317	0.2878076
0.8534569	0.20407239
0.85345984	0.25449932
0.8534895	0.24382818
0.85351914	0.19521822
0.8535399	0.27235404
0.8535383	0.35963497
0.8535234	0.32018316
0.8535663	0.17240308
0.8535914	0.24051926
0.8536209	0.23910244
0.85366815	0.13659808
0.8536754	0.31507906
0.8536916	0.21288605
0.85371655	0.31025302
0.8536838	0.46127185
0.8537044	0.2738935
0.8537027	0.2855385
0.8537232	0.25803795
0.85374373	0.27990597
0.85376865	0.17911829
0.8537714	0.3078256
0.85379624	0.20515803
0.8538211	0.24899203
0.8538459	0.24555106
0.85386187	0.29487595
0.85387784	0.24473795
0.85389817	0.21870688
0.85393614	0.23863328
0.85395646	0.23908968
0.85398996	0.20909396
0.85401464	0.184193
0.85403925	0.21320549
0.8540683	0.1853577
0.8540753	0.24977389
0.8540955	0.20811482
0.8541245	0.19603163
0.85413146	0.22957787
0.85415596	0.28959817
0.8541761	0.19391379
0.85420936	0.20592844
0.85424256	0.2112689
0.85427576	0.19328517
0.854287	0.26090646
0.8543027	0.24289794
0.8543227	0.23446622
0.8543646	0.18808612
0.85437137	0.2869839
0.85439134	0.23571585
0.85442436	0.23371987
0.85442245	0.2538303
0.8544467	0.27231675
0.8544797	0.19074596
0.8544777	0.35139152
0.854515	0.17095536
0.85455227	0.1953223
0.85457206	0.21853785
0.8545962	0.23463301
0.85459423	0.34535685
0.85461396	0.24790458
0.85463804	0.20430608
0.85465777	0.22578916
0.8546514	0.27378714
0.8546754	0.2323216
0.85468644	0.26874828
0.8546974	0.25755864
0.8547387	0.16105214
0.8547627	0.18436813
0.854791	0.26834872
0.85481054	0.23285328
0.85483444	0.27064404
0.854854	0.25573748
0.8548692	0.24646446
0.8548974	0.21611679
0.8549082	0.2832245
0.8549277	0.18488337
0.85494286	0.29184252
0.8549623	0.25466657
0.8549774	0.22651811
0.8550184	0.16580929
0.8550421	0.30866748
0.8550744	0.21178192
0.85510236	0.14805837
0.855126	0.21912403
0.85511947	0.3031493
0.85511726	0.32999083
0.8551366	0.3069656
0.85514295	0.27256083
0.85514504	0.37440053
0.85517293	0.20729555
0.85517067	0.27853888
0.8552028	0.19079064
0.85521775	0.26879877
0.85524976	0.20247105
0.85526896	0.2200863
0.85530955	0.19178325
0.8553116	0.32084873
0.8553307	0.22907795
0.85534126	0.2859363
0.85536885	0.21873973
0.8553837	0.23260008
0.8554113	0.18784946
0.8554303	0.2105896
0.8554536	0.26587963
0.85548544	0.15441673
0.85550016	0.20193988
0.8555234	0.17863122
0.8555509	0.2013536
0.855557	0.21543598
0.8555802	0.27108195
0.8556247	0.11103259
0.8556478	0.24026597
0.85567087	0.24392612
0.8556727	0.26512095
0.85569155	0.22644576
0.85570616	0.27059072
0.8557037	0.2699077
0.855714	0.31560954
0.85573703	0.18325956
0.8557516	0.31443
0.8557661	0.253106
0.8557637	0.292678
0.8557866	0.2328928
0.8557842	0.27947155
0.85578597	0.29899716
0.85580885	0.18368664
0.8558318	0.24027622
0.8558589	0.20998326
0.85586065	0.2551135
0.85587084	0.25264537
0.8558726	0.32485485
0.85589963	0.18099433
0.85593086	0.15805376
0.8559663	0.15776888
0.85598487	0.19105549
0.8560118	0.17988396
0.8560261	0.20449726
0.8560573	0.13510695
0.8560673	0.22836044
0.8560774	0.20439789
0.8560916	0.24250172
0.8561227	0.15987363
0.85612434	0.3164315
0.85612595	0.27310982
0.85614014	0.21994746
0.85617954	0.16977665
0.8562063	0.2790135
0.8562121	0.34028038
0.8562178	0.21983828
0.85621107	0.3354049
0.8562377	0.20123282
0.8562435	0.2482708
0.85626596	0.2163892
0.8562675	0.33081853
0.85627747	0.23833583
0.85629153	0.25993595
0.8563014	0.26635993
0.85630715	0.28138152
0.8563212	0.22278863
0.85634774	0.22415523
0.8563493	0.33009845
0.8563591	0.2427704
0.8563773	0.19308412
0.8563913	0.22158939
0.8564177	0.23659895
0.85644835	0.23070627
0.8564789	0.13265778
0.85650116	0.23108453
0.8565275	0.22182296
0.85654974	0.16221003
0.85655946	0.25494462
0.8565941	0.17315573
0.85661626	0.2772674
0.8566301	0.27292022
0.8566522	0.22812183
0.85668254	0.22191349
0.8567005	0.2570073
0.8567184	0.29245296
0.8567446	0.2660402
0.8567377	0.3290551
0.85675967	0.20041785
0.85676926	0.25152338
0.85677063	0.337336
0.85676783	0.32256642
0.85680217	0.16804382
0.8568282	0.23621073
0.85684603	0.21445154
0.856872	0.20778179
0.8569022	0.22915858
0.8569158	0.26881438
0.85694176	0.21068186
0.85695124	0.31115782
0.85697716	0.18485858
0.8569825	0.23394099
0.8569879	0.27261174
0.85700965	0.26808026
0.85704374	0.18291645
0.85707366	0.2145043
0.8570872	0.21433769
0.8571089	0.23247358
0.85709774	0.34808633
0.85712355	0.2383124
0.85715747	0.17796296
0.8571832	0.21668825
0.85718846	0.24403211
0.85719776	0.28283292
0.8572357	0.14355674
0.8572614	0.21989618
0.8572788	0.2652174
0.85729223	0.2415488
0.8573015	0.18572941
0.8572985	0.33169925
0.8573037	0.25269747
0.8573252	0.17333946
0.8573629	0.15584666
0.8573844	0.24139316
0.85741395	0.19039895
0.8574231	0.24837993
0.8574079	0.3193069
0.85742116	0.2463868
0.85747105	0.17729896
0.85748833	0.268319
0.8575096	0.26452568
0.85749847	0.31204227
0.8575076	0.2323513
0.8574924	0.28177926
0.85749745	0.2036038
0.8575025	0.26100224
0.85754	0.18622555
0.8575532	0.25791925
0.8575744	0.24267167
0.85758346	0.27951506
0.85761684	0.1880344
0.857638	0.21083389
0.85763896	0.27091426
0.857648	0.26973042
0.85765296	0.27277428
0.8576741	0.311145
0.8576952	0.24470425
0.8577244	0.16968149
0.85772127	0.28793693
0.8577504	0.18186256
0.85775536	0.2753026
0.8577724	0.24804798
0.8577894	0.2495167
0.8578104	0.30174834
0.8578153	0.32187733
0.8578363	0.2538818
0.85783714	0.28101712
0.8578461	0.3209701
0.857863	0.3113888
0.85785586	0.35289666
0.8578607	0.28344157
0.85786957	0.28762856
0.85787445	0.3048148
0.8579154	0.14774022
0.85793626	0.223979
0.8579651	0.14106174
0.85796595	0.30768734
0.85799074	0.2040314
0.85800356	0.25463843
0.85802835	0.18719052
0.85804516	0.22676018
0.8580579	0.21072322
0.85807866	0.24087209
0.85806346	0.35565257
0.8580922	0.21754499
0.8580969	0.35494313
0.85811365	0.23158793
0.8581383	0.27745855
0.85816294	0.19614643
0.8581836	0.21746384
0.85820824	0.2385177
0.8582408	0.2101173
0.85827726	0.17738669
0.8582939	0.20530325
0.85831046	0.2799133
0.8582873	0.40600556
0.85829985	0.23476988
0.8583085	0.24453737
0.8583171	0.31030765
0.8583217	0.24113964
0.85834223	0.22708394
0.8583627	0.21994203
0.8583792	0.224374
0.8583917	0.23538464
0.8584042	0.21772529
0.8584128	0.2269162
0.8584411	0.19914237
0.85845757	0.15882485
0.8584858	0.14811158
0.8585062	0.1948934
0.8585384	0.1558387
0.8585547	0.28093183
0.858583	0.17245272
0.8586151	0.16597944
0.8586235	0.21165836
0.8586477	0.18025951
0.85866004	0.32707155
0.8586606	0.2514095
0.8587005	0.16582122
0.8587285	0.18263334
0.85874087	0.3189233
0.85875314	0.25686592
0.8587497	0.3278426
0.85876983	0.23308468
0.8587821	0.27338237
0.85879046	0.28335372
0.8588066	0.28318447
0.8587914	0.34489673
0.85880756	0.23109141
0.8588041	0.23668835
0.85882026	0.22942604
0.8588364	0.25733095
0.8588682	0.20386094
0.85889995	0.1302165
0.85893166	0.20330946
0.85895944	0.17926882
0.85899115	0.23000337
0.85902673	0.14030547
0.85905445	0.18473682
0.8590704	0.23286526
0.85910594	0.21285938
0.8590907	0.3522248
0.85909885	0.24830867
0.8591187	0.2147626
0.85911125	0.27928874
0.85911936	0.2472173
0.85913527	0.20403501
