0.94	0.16154522
0.915	0.22863206
0.92333335	0.20665117
0.9225	0.19529074
0.922	0.17109413
0.9166667	0.2201323
0.91571426	0.19398619
0.9175	0.1692007
0.9177778	0.19716129
0.918	0.17016684
0.9190909	0.13516891
0.92083335	0.15894075
0.92230767	0.19038324
0.92	0.21363258
0.92	0.13480935
0.919375	0.16674319
0.9211765	0.14386119
0.91944444	0.20446694
0.91894734	0.17972597
0.919	0.15438767
0.91952384	0.22145903
0.92227274	0.10907377
0.9221739	0.16953161
0.9241667	0.096544296
0.924	0.19731584
0.92346156	0.1644706
0.92296296	0.19726399
0.9235714	0.12924002
0.92448276	0.14493744
0.924	0.17287187
0.923871	0.19245636
0.9246875	0.19298491
0.9227273	0.27135742
0.92294115	0.14474604
0.9237143	0.14049174
0.9236111	0.21700647
0.9237838	0.15732469
0.92421055	0.16241607
0.9238461	0.18723068
0.92325	0.19049259
0.92317075	0.24733883
0.92285717	0.20938323
0.9227907	0.14430247
0.92227274	0.25283408
0.922	0.24343187
0.9223913	0.14519411
0.9229787	0.15991668
0.92354167	0.1682097
0.92367345	0.19166523
0.923	0.31594056
0.9235294	0.17440966
0.92346156	0.21892506
0.9230189	0.17457852
0.92314816	0.15818593
0.92309093	0.15700008
0.9225	0.22563875
0.92210525	0.24098513
0.92241377	0.13181137
0.92220336	0.21471263
0.9216667	0.23161502
0.9216393	0.19666374
0.9217742	0.15616728
0.921746	0.20278051
0.9217188	0.21266331
0.92138463	0.26393473
0.9219697	0.122782744
0.9222388	0.1604225
0.9227941	0.104345895
0.9230435	0.18733875
0.92285717	0.24365835
0.922676	0.20020778
0.92236114	0.22566637
0.92315066	0.09462275
0.92256755	0.18902749
0.9224	0.25235212
0.92210525	0.21757168
0.9225974	0.113065474
0.9225641	0.17450143
0.92316455	0.13063294
0.923375	0.16788824
0.9234568	0.22449468
0.92365855	0.15237418
0.9239759	0.12561056
0.9235714	0.21854307
0.9241176	0.1179309
0.92453486	0.10537113
0.92436785	0.21433859
0.92386365	0.23700134
0.92370784	0.29342112
0.92344445	0.25247112
0.9232967	0.21639036
0.92315215	0.19018318
0.92333335	0.13227396
0.9230851	0.2568772
0.9231579	0.17396057
0.92333335	0.14774433
0.9234021	0.12372723
0.9232653	0.21625084
0.9238384	0.16119055
0.9233	0.28125924
0.9230693	0.19070052
0.922549	0.21940322
0.922233	0.22676344
0.92230767	0.20647451
0.92209524	0.23411848
0.92198116	0.17319298
0.92093456	0.3261524
0.9207407	0.2649351
0.9211009	0.11090543
0.9209091	0.27243984
0.9209009	0.20600073
0.9211607	0.10963953
0.92123896	0.16093937
0.9211404	0.21496037
0.9209565	0.24533038
0.92068964	0.21762703
0.92025644	0.25398436
0.92025423	0.24056526
0.92058825	0.12465932
0.9201667	0.28145593
0.92	0.16833805
0.920082	0.19204795
0.9200813	0.19152054
0.9198387	0.20079826
0.91984	0.17679062
0.92007935	0.1314544
0.9199213	0.24793798
0.9200781	0.20116737
0.9199225	0.25598785
0.91992307	0.18408161
0.91969466	0.26291725
0.91992426	0.17383453
0.92022556	0.13492633
0.920597	0.16722707
0.9205185	0.24869181
0.92080885	0.15118296
0.92072994	0.2072547
0.9208696	0.17042373
0.9209353	0.16543089
0.9210714	0.1721817
0.92127657	0.22685085
0.921338	0.16798835
0.92125875	0.22105141
0.92118055	0.18195923
0.92089653	0.23765387
0.9209589	0.12795697
0.9206122	0.2502938
0.9204054	0.2272256
0.9202685	0.20680548
0.92046666	0.17690107
0.92013246	0.3192955
0.92013156	0.17308182
0.9201307	0.166058
0.92	0.19658688
0.9194839	0.34096515
0.91955125	0.20329522
0.9198089	0.09993921
0.9199367	0.13978912
0.9198742	0.25036344
0.9199375	0.14933868
0.92012423	0.17219019
0.9198765	0.28842434
0.9197546	0.19462828
0.9198171	0.19743
0.92006063	0.13789982
0.9200602	0.18011826
0.92	0.17007762
0.9200595	0.16624014
0.92029583	0.118038215
0.9202353	0.1761491
0.9202339	0.17703487
0.9202907	0.24229708
0.92028904	0.18703026
0.92045975	0.12045339
0.9204571	0.19550616
0.92056817	0.17772724
0.92067796	0.13207069
0.92073035	0.13494949
0.92078215	0.15774964
0.92083335	0.15820174
0.9209392	0.15660836
0.92098904	0.15857999
0.9208197	0.2747081
0.92097825	0.1316406
0.9208649	0.19860381
0.92080647	0.29541537
0.9209091	0.20257689
0.9210106	0.15649147
0.9212169	0.13731033
0.9212105	0.18055788
0.9212042	0.17809488
0.92104167	0.27789754
0.92103624	0.16734524
0.9209278	0.17284666
0.92102563	0.14004356
0.92117345	0.104900986
0.92111677	0.23641908
0.9213131	0.12386843
0.92140704	0.13656999
0.9216	0.12778932
0.9218408	0.09670127
0.9219307	0.16441195
0.9219704	0.18294343
0.9219608	0.19452946
0.9219024	0.20595795
0.92203885	0.17573614
0.9220773	0.17741686
0.92230767	0.08938305
0.92239237	0.14364263
0.9225714	0.15298168
0.92260665	0.16881639
0.9226415	0.15983973
0.922676	0.20093434
0.9228505	0.12142801
0.92311627	0.0916843
0.9228241	0.3206228
0.9229493	0.13017738
0.9230275	0.18293805
0.92305934	0.14990789
0.9226818	0.29733035
0.92257917	0.23899971
0.9227928	0.09806463
0.92287	0.14405975
0.9228125	0.18361738
0.92284447	0.22890706
0.9226991	0.23183085
0.92259914	0.20831913
0.9225439	0.18397431
0.9224891	0.20370796
0.9224348	0.21299872
0.92255414	0.18455887
0.9225431	0.18430458
0.92236054	0.2805202
0.92252135	0.122220285
0.92268085	0.14263634
0.92271185	0.18818003
0.9227426	0.15467373
0.9227731	0.14618605
0.9230544	0.08221722
0.92325	0.110932104
0.923361	0.1381587
0.9235124	0.12566143
0.9235802	0.17488457
0.9236066	0.22195627
0.9234286	0.2660903
0.92349595	0.16430104
0.9234413	0.21462063
0.9234274	0.2656568
0.9233735	0.2238509
0.92336	0.19908814
0.92330676	0.18838534
0.92333335	0.1699315
0.9232411	0.22660127
0.9232283	0.17916933
0.923098	0.21516566
0.9232031	0.110606775
0.9234241	0.12517907
0.9235271	0.14102304
0.9235521	0.112229206
0.9236923	0.14583646
0.92390805	0.10139434
0.92377865	0.20441526
0.92380226	0.18607228
0.92371213	0.2205637
0.92354715	0.2125251
0.9236466	0.17730585
0.92378277	0.12937747
0.9236194	0.22309147
0.9235316	0.23470968
0.92362964	0.14671758
0.92357934	0.15682873
0.9236765	0.119402505
0.9236996	0.17631483
0.9237591	0.14247105
0.9237818	0.18012877
0.9238406	0.11868766
0.92379063	0.1680825
0.9238489	0.13551433
0.92376345	0.21035397
0.9237143	0.175988
0.92373663	0.19932379
0.92365247	0.18768398
0.9237102	0.16189897
0.92359155	0.30571833
0.92368424	0.11919609
0.9236014	0.28032026
0.9234843	0.20935197
0.9235764	0.10367772
0.9235986	0.13931477
0.9235862	0.23632321
0.9234021	0.19457912
0.92311645	0.37642756
0.92324233	0.12836319
0.9232313	0.15853295
0.9232881	0.1762418
0.9231419	0.2531766
0.92316496	0.1764429
0.9232886	0.14171813
0.92331105	0.14165384
0.92326665	0.19871578
0.92332226	0.14891592
0.9233444	0.18734607
0.9233663	0.1723615
0.9233553	0.16727482
0.92334425	0.15819219
0.92326796	0.24955489
0.9232899	0.18280895
0.9233117	0.20891713
0.92333335	0.14998473
0.9232903	0.20944794
0.9233119	0.1991195
0.92320514	0.26938137
0.92309904	0.22985227
0.92312104	0.13604352
0.9230159	0.18668072
0.9230696	0.12068896
0.923123	0.17310457
0.9230189	0.22271839
0.922884	0.27542388
0.922875	0.19712609
0.9228972	0.17469555
0.9229503	0.1652996
0.9230031	0.15555616
0.9231173	0.149684
0.92316926	0.16124153
0.9232209	0.13229415
0.9232722	0.16325599
0.9232927	0.14734259
0.9233435	0.1340888
0.92324245	0.20676145
0.9232326	0.14829642
0.92328316	0.18502162
0.92327327	0.16460188
0.9232036	0.2695148
0.9231343	0.2318141
0.92300594	0.21948177
0.9228783	0.22607182
0.9228698	0.18861464
0.92289084	0.15386485
0.9229706	0.15861316
0.9229912	0.1855613
0.9229532	0.17956415
0.92297375	0.16330421
0.922907	0.25458938
0.9229855	0.1733571
0.92303467	0.16921103
0.92305475	0.14821634
0.92321837	0.11694971
0.92315185	0.27263358
0.9232	0.14183404
0.9230769	0.2051303
0.9230966	0.16548708
0.92311615	0.1654858
0.9230226	0.2548499
0.92304224	0.13612671
0.92294943	0.20161395
0.9230252	0.20513785
0.92310053	0.14269608
0.9229805	0.26013812
0.92302775	0.109244145
0.922964	0.23004547
0.92301106	0.19420134
0.9230303	0.15545574
0.9231044	0.1167699
0.9232055	0.160889
0.9231694	0.19191025
0.9233242	0.116007365
0.9234239	0.10770287
0.9234417	0.2150262
0.9233784	0.23627712
0.9234501	0.12274414
0.92346776	0.12671405
0.9234853	0.1500039
0.9234759	0.26353732
0.9235467	0.15068105
0.9235904	0.16082758
0.92366046	0.13735
0.92370373	0.11726841
0.92364115	0.24868025
0.9237369	0.102304876
0.92375326	0.17311373
0.9236911	0.18896332
0.9237598	0.1202658
0.9238281	0.14227566
0.9238182	0.23876983
0.9237824	0.15849559
0.92377263	0.24900009
0.92360824	0.24959594
0.9236504	0.12565424
0.92358977	0.22875457
0.92368287	0.14398588
0.92364794	0.26632345
0.9236387	0.22851066
0.9235787	0.2321507
0.9235696	0.17531082
0.9236111	0.14770666
0.9236272	0.1909811
0.9236181	0.20309646
0.923609	0.17008993
0.923625	0.16845846
0.9235661	0.18602943
0.92363185	0.160056
0.92364764	0.2296452
0.92371285	0.15074673
0.92370373	0.16509211
0.9237192	0.20749064
0.9237838	0.1458366
0.9237745	0.17635903
0.92378974	0.13502887
0.9237805	0.20083538
0.92381996	0.14991482
0.9238835	0.13905577
0.9238741	0.14811943
0.92381644	0.3073095
0.9238072	0.22902411
0.9238461	0.198009
0.9239089	0.1143354
0.92385167	0.24694642
0.92386633	0.17581832
0.92385715	0.18894868
0.92387176	0.25085038
0.92388624	0.18564151
0.92385346	0.22749753
0.9239151	0.14553604
0.92388237	0.18442503
0.9238263	0.17750299
0.9237939	0.21561359
0.9237383	0.17602819
0.9237529	0.20424987
0.92381394	0.21727931
0.9237123	0.20797616
0.92370373	0.17001082
0.92374134	0.1313708
0.9237327	0.16318044
0.92370117	0.22645472
0.9237844	0.12643595
0.92391306	0.14356348
0.9239498	0.19866979
0.9240319	0.12131313
0.92402273	0.21109429
0.924059	0.11067434
0.92393667	0.2862556
0.9239955	0.14711858
0.924009	0.1321521
0.92404497	0.21412787
0.9240807	0.15834345
0.9241163	0.11443541
0.92410713	0.15615095
0.92414254	0.16529016
0.92415553	0.1587888
0.9241242	0.17465149
0.9241372	0.1471395
0.9241501	0.18218489
0.9240749	0.3147312
0.92402196	0.20941176
0.92401314	0.18208887
0.92402625	0.17533645
0.923952	0.26849845
0.92394334	0.19928494
0.92386955	0.23295613
0.92388284	0.20372993
0.92396104	0.14784035
0.9239741	0.21133257
0.9239655	0.22429918
0.924	0.180326
0.9238412	0.28382748
0.9238972	0.15230614
0.9240171	0.09908152
0.9240725	0.11605494
0.92410636	0.19099323
0.92414016	0.14505354
0.92413133	0.15344408
0.9242072	0.11734609
0.9242405	0.15164928
0.92421055	0.19241272
0.9242437	0.2043265
0.9242558	0.21923305
0.9242259	0.14847878
0.9241336	0.29845515
0.9241458	0.16519873
0.9241996	0.12115004
0.9242116	0.18145801
0.9241822	0.22063738
0.92417353	0.19592
0.9241856	0.18898292
0.9242798	0.10552624
0.92427105	0.17500764
0.9241598	0.21405724
0.92408997	0.21970059
0.92412245	0.15375511
0.92411405	0.14194745
0.92414635	0.15014157
0.92409736	0.2619337
0.9241498	0.15844707
0.9241616	0.16493118
0.92413306	0.16093722
0.9240845	0.26378065
0.9240763	0.1719042
0.924008	0.20042555
0.92398	0.2259619
0.9240319	0.13318354
0.92416334	0.100860804
0.9241352	0.28302863
0.92400795	0.2664133
0.924	0.1731763
0.9240514	0.1151787
0.92400396	0.26361066
0.9239961	0.16438891
0.92394894	0.3049963
0.924	0.11774967
0.9239726	0.15224467
0.92398435	0.19971822
0.9239766	0.19287731
0.9240078	0.1594985
0.9239806	0.20232557
0.9240504	0.1269986
0.92408127	0.12928034
0.92407334	0.23333956
0.92410403	0.15699942
0.92403847	0.22778012
0.9240691	0.12799302
0.92411876	0.14043927
0.9241683	0.15114814
0.9242557	0.13813658
0.9242667	0.12567545
0.92429656	0.19486427
0.9243074	0.20053913
0.92433715	0.16203405
0.92431	0.21750572
0.9243585	0.1322902
0.9243691	0.16798592
0.92436093	0.1897075
0.92433393	0.21289665
0.92434454	0.1731228
0.9243738	0.15046431
0.92438436	0.18085179
0.9243948	0.15907824
0.924368	0.2550786
0.92432284	0.2436975
0.9243519	0.15164515
0.92441773	0.11521933
0.9244465	0.19614327
0.92447513	0.14757916
0.9244118	0.24355772
0.924422	0.18479812
0.9244689	0.1365752
0.9244607	0.17334738
0.92441607	0.22722131
0.92444444	0.13804393
0.9244	0.21690227
0.9244646	0.09320555
0.9244384	0.20745064
0.92450273	0.12546018
0.92458487	0.13821667
0.92463064	0.09927754
0.92467624	0.20897928
0.9245781	0.27679402
0.9245878	0.17346023
0.92456174	0.19125552
0.92457145	0.15860085
0.9245633	0.15722539
0.9245552	0.19207416
0.9245293	0.20686585
0.9245922	0.13605206
0.9245133	0.25185308
0.9244523	0.26675972
0.92444444	0.19141124
0.924507	0.13623512
0.92455184	0.12715825
0.9244912	0.316957
0.9245709	0.092535496
0.92454547	0.22282594
0.92453754	0.15745312
0.9245645	0.19240141
0.9245739	0.16113484
0.9245486	0.24596336
0.92459273	0.14761037
0.92456746	0.23069677
0.9245769	0.16897011
0.9245345	0.29609415
0.9245267	0.21288402
0.92457044	0.102861136
0.9246141	0.16719615
0.92453766	0.2228555
0.92444444	0.28942928
0.9245563	0.09905228
0.92448044	0.21273722
0.9245068	0.12579048
0.92455006	0.11611829
0.9244915	0.203871
0.9245516	0.09964746
0.9245608	0.19031703
0.92458683	0.14127809
0.9245286	0.23728484
0.92458826	0.09133779
0.9246309	0.13318047
0.9246399	0.17492476
0.924699	0.12044378
0.92469114	0.20735678
0.9247	0.12389863
0.92469215	0.12392408
0.924701	0.18399817
0.92472637	0.11292077
0.9247682	0.13442802
0.92476034	0.16052349
0.92481846	0.11669203
0.92485994	0.13335298
0.9248355	0.14307483
0.92489326	0.1217773
0.92491806	0.13648665
0.92497545	0.14358293
0.9249346	0.186093
0.9249266	0.18379456
0.9249186	0.22994159
0.9249431	0.17753963
0.92491883	0.20141445
0.9249595	0.17037396
0.9249838	0.12551716
0.92497575	0.18273301
0.9248871	0.21556671
0.92489535	0.16482483
0.9248553	0.22862175
0.92491174	0.19158253
0.92490387	0.22250596
0.924912	0.17063129
0.9249361	0.16039781
0.92496014	0.18947499
0.92490447	0.23368372
0.9249126	0.20474353
0.9249206	0.1503154
0.9249604	0.11300996
0.9249525	0.19431134
0.9249763	0.15070978
0.92503154	0.1527337
0.9250236	0.17617145
0.925	0.21720405
0.92505497	0.1626742
0.9250784	0.17028959
0.9249765	0.30454165
0.9249844	0.1642337
0.9250234	0.1418215
0.92507786	0.13676515
0.92507	0.16612789
0.92503107	0.21779947
0.92503875	0.17293248
0.9250929	0.12363022
0.9251314	0.15102844
0.9251852	0.13999632
0.92523885	0.14130221
0.9251846	0.24576546
0.925192	0.118781
0.9252301	0.13564639
0.9251761	0.29916883
0.9252294	0.10698672
0.92526716	0.13745613
0.92522866	0.22010209
0.9252664	0.13180085
0.92530394	0.108964294
0.9252352	0.22970153
0.92525756	0.13506848
0.9252042	0.21202546
0.9252115	0.16629553
0.9251584	0.22388181
0.9250904	0.25637108
0.9251128	0.12273389
0.9251051	0.2139606
0.9251124	0.19118291
0.9251048	0.21966183
0.925142	0.117236
0.92516416	0.13767906
0.92508197	0.2691774
0.9250595	0.15780757
0.925052	0.22775346
0.92510384	0.14345531
0.9251852	0.1039565
0.9251183	0.25317633
0.9251403	0.21857056
0.92516226	0.1445914
0.9251252	0.20448607
0.9250882	0.21225324
0.92509544	0.1609894
0.9250733	0.22349778
0.92508054	0.14817475
0.9250731	0.14273942
0.9250949	0.16207741
0.9251166	0.14726205
0.92515284	0.11164853
0.9251308	0.21908602
0.92509437	0.20680712
0.9250725	0.22232777
0.9250362	0.2060588
0.92507225	0.09745047
0.92507935	0.21100086
0.9251297	0.1284186
0.92509353	0.24451274
0.9250862	0.13488543
0.9251363	0.12116922
0.9251576	0.18679182
0.9251073	0.22975475
0.9251	0.19725695
0.9251498	0.111848384
0.9251567	0.19480778
0.92513514	0.18218249
0.92514205	0.1521269
0.9251773	0.11286997
0.9251558	0.18995011
0.9251627	0.15585859
0.92516947	0.16734463
0.9251622	0.17303537
0.9251549	0.21418959
0.92523205	0.08027469
0.9252247	0.2193916
0.9252034	0.27163023
0.92521006	0.12089938
0.92523074	0.11667772
0.9251536	0.25906307
0.92520225	0.12321342
0.925195	0.2364266
0.9251739	0.1734859
0.9251111	0.2395914
0.9251179	0.1584496
0.9251108	0.20284222
0.9251314	0.18317176
0.9251658	0.104166605
0.9252138	0.095060825
0.9252066	0.17243288
0.9251582	0.2195808
0.9251648	0.16220269
0.9251166	0.32105818
0.9251644	0.1360299
0.92518467	0.17253536
0.92520493	0.17832965
0.9251569	0.274088
0.92513627	0.2639069
0.92511564	0.17641233
0.9251087	0.21255375
0.92507464	0.17771886
0.9250677	0.25314462
0.92504734	0.18825942
0.92506754	0.17489101
0.9251147	0.107926026
0.9251348	0.18577796
0.9251817	0.10281996
0.9251882	0.16180255
0.9251946	0.16712727
0.9252413	0.158017
0.9252209	0.18600704
0.92524064	0.1450976
0.925247	0.19633946
0.92525333	0.15231769
0.925233	0.28546283
0.9252394	0.22803341
0.9252988	0.10098751
0.92530507	0.17985475
0.92529804	0.1900608
0.9253307	0.13482572
0.9254029	0.12016619
0.9253694	0.18791969
0.92533594	0.22798039
0.9253684	0.15722303
0.9253614	0.22516368
0.9254068	0.112758204
0.9254653	0.13155548
0.92545813	0.16986822
0.92550325	0.12571377
0.9254961	0.21901412
0.92554104	0.16804068
0.9255469	0.2029442
0.9256047	0.11235571
0.92557144	0.19220881
0.9254864	0.21641144
0.9254793	0.23819119
0.92545927	0.25810128
0.9254651	0.12403162
0.92543226	0.20421098
0.92541236	0.16724472
0.9253153	0.23637126
0.92532134	0.17686753
0.925353	0.14225136
0.92535895	0.1211088
0.9253521	0.24655886
0.9253325	0.20067741
0.9253512	0.14743814
0.9253699	0.16672398
0.9253885	0.17788894
0.9253562	0.17434372
0.92537487	0.16380875
0.9254315	0.114505835
0.9254373	0.16919604
0.9254683	0.2052589
0.92543614	0.19113198
0.9254672	0.12019259
0.9254729	0.1605382
0.9254534	0.19708961
0.9254843	0.12796168
0.92548996	0.15576759
0.92550814	0.10849536
0.9254887	0.25156754
0.9255194	0.15410255
0.9255	0.1950775
0.9255181	0.121311404
0.9255237	0.14860964
0.9255168	0.19368635
0.92558455	0.120912984
0.9256025	0.16453448
0.9255831	0.22649997
0.9255266	0.25043
0.9255693	0.14113075
0.92562425	0.11528431
0.9256173	0.21913649
0.92563504	0.16188623
0.9256527	0.25041968
0.92565805	0.17580093
0.92570025	0.11437313
0.9256687	0.23610525
0.92568386	0.17912164
0.9257259	0.16037942
0.9257189	0.1569889
0.92572415	0.13777533
0.9257171	0.20138896
0.92566144	0.22388987
0.92565453	0.2126392
0.9257085	0.090170234
0.9256651	0.21741745
0.9256946	0.12570032
0.92568773	0.1879152
0.9256687	0.18998978
0.92567396	0.14654867
0.92570335	0.12477443
0.92569643	0.15946409
0.92565346	0.2162795
0.9256346	0.23191063
0.92557985	0.25864223
0.9255731	0.16442372
0.92556643	0.20720845
0.92557174	0.16956569
0.92549336	0.3283146
0.9254749	0.17080669
0.9254684	0.163005
0.9254261	0.24664912
0.9254196	0.19571613
0.9254251	0.1809464
0.9254187	0.12074788
0.9254478	0.14062017
0.9254413	0.22351736
0.9253994	0.19444467
0.9254285	0.119712174
0.9254221	0.15257092
0.92547464	0.105128706
0.9254917	0.12716895
0.9255323	0.094961174
0.9254788	0.25673145
0.92544895	0.24045256
0.9254426	0.23528871
0.92538935	0.21480165
0.92531294	0.27375218
0.92530674	0.19079928
0.92527723	0.18248545
0.9252245	0.21677604
0.9252417	0.101055734
0.9252356	0.1549189
0.92525274	0.14644244
0.92522347	0.21481682
0.925229	0.1469645
0.92524606	0.1387719
0.92527467	0.119441636
0.9253032	0.12808542
0.9252971	0.18979006
0.92525643	0.21059062
0.9252849	0.17729951
0.9252559	0.16955213
0.92527276	0.17134455
0.9252553	0.17417602
0.92523783	0.26603234
0.9252776	0.12625904
0.9253058	0.17791162
0.92529976	0.19997461
0.9253051	0.17073055
0.92536736	0.10950052
0.925384	0.19721161
0.92538923	0.15658693
0.9253945	0.16462457
0.92538834	0.21530408
0.9254049	0.12757345
0.9254327	0.12983316
0.92543787	0.14658579
0.92542046	0.20034654
0.92547065	0.104026586
0.92545325	0.18893814
0.92548084	0.15122934
0.9254747	0.2086668
0.9255022	0.15190408
0.92551845	0.17477432
0.92551225	0.21244961
0.92552847	0.18651949
0.9255111	0.19420739
0.925505	0.17437895
0.9254654	0.19642729
0.9254705	0.21714813
0.9254644	0.22105807
0.9254472	0.18472107
0.9254523	0.2560736
0.9254351	0.19335422
0.9254291	0.2023789
0.9254563	0.10671486
0.9254724	0.23942976
0.92549944	0.11279164
0.9254383	0.2836469
0.92535526	0.27038324
0.92532736	0.1764025
0.9253764	0.09027164
0.9254144	0.16581331
0.9254523	0.10429248
0.9254792	0.14725558
0.9254513	0.23676077
0.92548907	0.11394308
0.92547214	0.2078158
0.92543346	0.24166277
0.92543846	0.21604683
0.9253999	0.26208827
0.9254049	0.22879392
0.92542076	0.2079414
0.9253932	0.2506529
0.92537653	0.17887403
0.9253274	0.29555473
0.9253649	0.1192882
0.9254023	0.14776367
0.92539644	0.2224681
0.92535836	0.27123892
0.92536336	0.1866981
0.9253791	0.13926658
0.92541623	0.12385338
0.9254533	0.1664254
0.9254689	0.16537127
0.92545235	0.2259899
0.9254679	0.14719023
0.9254514	0.23840657
0.9254669	0.16107264
0.92546105	0.19320169
0.92549783	0.13979457
0.925492	0.1973757
0.9255074	0.14630347
0.92546976	0.25388324
0.92542154	0.2634221
0.9254158	0.21198088
0.9253995	0.21211739
0.92537266	0.3158208
0.9253037	0.28251332
0.92531914	0.15496022
0.9253557	0.10957234
0.9253711	0.17586231
0.9253339	0.25606135
0.92529684	0.20491627
0.9253018	0.13285616
0.92532766	0.16983587
0.9253639	0.092163906
0.9253792	0.15373175
0.9253736	0.18968527
0.92542017	0.08489564
0.92543536	0.15895143
0.92549217	0.12468532
0.9254553	0.27952904
0.9255119	0.07703281
0.9255269	0.14886428
0.92553157	0.19651997
0.92550516	0.21687278
0.9254891	0.19112949
0.9254938	0.18750611
0.92553973	0.12038159
0.925534	0.20065594
0.9255386	0.17224754
0.9255329	0.17886782
0.92555803	0.15028356
0.92559344	0.12327694
0.9256287	0.10897632
0.92564344	0.20833443
0.92565817	0.13491024
0.92564213	0.20541443
0.92566705	0.17097656
0.9256919	0.15934652
0.92568606	0.17378199
0.9256701	0.18181732
0.9256643	0.2100029
0.9256891	0.16337399
0.9256833	0.14366019
0.9256268	0.2462121
0.92564136	0.14968795
0.92566603	0.12368883
0.9256704	0.17773357
0.925695	0.146913
0.92564887	0.23565179
0.92566335	0.19038962
0.9256677	0.175851
0.9256922	0.13770843
0.92569655	0.15253866
0.9257109	0.1313006
0.9256951	0.19601783
0.9257095	0.13188231
0.92569375	0.2241543
0.9257281	0.096646674
0.9257323	0.21391878
0.9257965	0.07349428
0.9257508	0.2856101
0.92574507	0.15211451
0.92575926	0.20397118
0.92577344	0.12785968
0.9258074	0.13306087
0.9258414	0.12230756
0.9258554	0.22093351
0.92587936	0.105443306
0.9258636	0.21587087
0.92582816	0.28308135
0.92584217	0.15031292
0.9257969	0.25331414
0.92578137	0.20621353
0.9257658	0.19598356
0.9257405	0.1747168
0.925784	0.13478951
0.9257881	0.17891066
0.9258315	0.12527682
0.92583555	0.13052964
0.92582005	0.18392871
0.92577523	0.22113849
0.9257892	0.17775372
0.9257835	0.1786211
0.92576814	0.22721027
0.92578197	0.1797471
0.92574716	0.22460288
0.9257221	0.1802581
0.925736	0.18551831
0.92574984	0.15427418
0.9257733	0.17246397
0.92575806	0.2320508
0.92575246	0.14623621
0.9257566	0.1938065
0.92577034	0.1268728
0.9257455	0.24724421
0.9257303	0.18658827
0.9257633	0.10041287
0.92574817	0.16334648
0.9257522	0.15060726
0.9257371	0.22109449
0.9257412	0.18299605
0.9257357	0.1656622
0.9257302	0.19243494
0.92572474	0.17658508
0.92573833	0.18955693
0.92570424	0.20886192
0.92567974	0.20227534
0.9256648	0.21271211
0.9256689	0.13075744
0.925635	0.22840601
0.9256297	0.27804577
0.9255958	0.17209478
0.9255905	0.18451713
0.9256231	0.12141081
0.92559886	0.25391486
0.9256314	0.15968542
0.9256355	0.14475326
0.9256208	0.23842266
0.92565316	0.12983273
0.9256573	0.17406811
0.9256708	0.18470621
0.92560905	0.28376424
0.92560375	0.24685037
0.9255516	0.29396313
0.92554635	0.24085356
0.92555994	0.15694323
0.92551726	0.23991278
0.9255215	0.18663257
0.92550695	0.18829142
0.9255112	0.1753912
0.92551535	0.1674555
0.9254823	0.24641126
0.92547715	0.20254192
0.9254628	0.15550327
0.9254484	0.22516932
0.92544335	0.1323308
0.9254476	0.15866889
0.9254425	0.12937497
0.9253727	0.26029572
0.9254047	0.11342412
0.92542744	0.18376671
0.9254409	0.13710666
0.9254359	0.15912676
0.9254493	0.12911573
0.92540747	0.2144088
0.92543006	0.14352882
0.9254435	0.16017206
0.92544764	0.1479174
0.9254518	0.1820323
0.92546517	0.16841766
0.92546016	0.20980942
0.92545515	0.18319602
0.925441	0.19234419
0.9254452	0.19088393
0.9254676	0.16082305
0.9254535	0.2517019
0.9254941	0.10701448
0.9254981	0.15848592
0.9255204	0.10925314
0.9254882	0.20869298
0.9254741	0.23545666
0.92546916	0.19880566
0.92545515	0.19806635
0.92545927	0.1677267
0.92543626	0.2259988
0.92539525	0.2302548
0.92538136	0.23947164
0.92538553	0.16218676
0.92538065	0.14163911
0.9253758	0.14312772
0.92533505	0.24390545
0.9253392	0.14628232
0.9253434	0.2078825
0.9253655	0.14264688
0.9253697	0.19762759
0.92533803	0.23611459
0.92535114	0.21076927
0.92535526	0.20937352
0.9253505	0.17500639
0.92535466	0.21472645
0.92536765	0.15252504
0.9253985	0.09798575
0.9253937	0.16855663
0.9253623	0.34849545
0.9253575	0.14817385
0.92535275	0.18873234
0.92537457	0.1986734
0.92536986	0.18877071
0.9253739	0.2117256
0.9253603	0.18011227
0.92537326	0.14788921
0.925395	0.13488771
0.92545193	0.08904007
0.9254559	0.16842236
0.9254599	0.16403478
0.9254815	0.10865978
0.92549425	0.13734956
0.9255158	0.14149858
0.9255022	0.20736481
0.9255061	0.14605494
0.9255713	0.06914122
0.92559266	0.15382425
0.92560524	0.14260238
0.9256178	0.16922541
0.9256478	0.10789569
0.925669	0.12589444
0.92569894	0.11552492
0.92570263	0.16070868
0.92568034	0.24976009
0.92571014	0.12229001
0.92567044	0.26216716
0.9256829	0.17487544
0.92570394	0.12747994
0.92569035	0.20236167
0.92567676	0.21209253
0.9256373	0.23619576
0.92565835	0.12739035
0.92563623	0.22013158
0.92562276	0.26386815
0.9256007	0.18956096
0.92560446	0.16497844
0.92559105	0.27791116
0.92560345	0.12239378
0.92559004	0.16871114
0.92559385	0.1932331
0.92556334	0.22591476
0.92556715	0.15897289
0.9255966	0.13531221
0.92558324	0.21926378
0.9255956	0.18818015
0.9255823	0.23557399
0.92558604	0.1553864
0.92557275	0.24258254
0.9255595	0.21258692
0.9255718	0.13009188
0.92556703	0.26098844
0.9255114	0.21497433
0.92547286	0.2530825
0.9254682	0.14444399
0.9254297	0.25702903
0.9254336	0.20012774
0.9254205	0.2474274
0.92539907	0.22989565
0.92538613	0.21385472
0.9254069	0.12756544
0.92542756	0.13319844
0.92543143	0.1863509
0.92544365	0.1389173
0.92543906	0.21470755
0.9254177	0.21207228
0.9254216	0.17782217
0.9253835	0.24712588
0.925379	0.19791053
0.92538285	0.14821379
0.9253533	0.25258645
0.9253488	0.2218861
0.92534435	0.15283114
0.92533994	0.18661185
0.9253271	0.2079015
0.92533934	0.16076839
0.92533493	0.19253498
0.92533046	0.1627931
0.92535096	0.13264248
0.9253631	0.14152378
0.9253752	0.1701573
0.9253377	0.24148886
0.92534155	0.12844212
0.92535365	0.15362304
0.92534924	0.18867075
0.92533654	0.20629515
0.9253239	0.20108108
0.92530304	0.26480705
0.9252987	0.22264153
0.92533547	0.09224647
0.9253475	0.14131153
0.9253431	0.15253986
0.92536336	0.1358275
0.92537534	0.114245884
0.9253873	0.14969894
0.9253911	0.16068457
0.9253949	0.13107455
0.9254313	0.07438994
0.92541057	0.18945187
0.925398	0.19847025
0.9253936	0.1606298
0.9254136	0.15906632
0.9253929	0.23251958
0.9253804	0.18780649
0.9253517	0.27694893
0.9253392	0.1908027
0.92531866	0.23717903
0.92529	0.2262824
0.92531	0.17112017
0.92532194	0.16044666
0.92534184	0.17416286
0.92532945	0.1537379
0.92533326	0.13118398
0.92535317	0.12639162
0.925373	0.1350343
0.9253526	0.1830641
0.9253563	0.16869543
0.92535204	0.20162022
0.9253477	0.15758844
0.9253595	0.2097144
0.92534715	0.22244447
0.9253509	0.1983688
0.92533857	0.18117543
0.9253423	0.19033493
0.925346	0.14349611
0.9253418	0.16293234
0.9253375	0.19195068
0.92535716	0.17533962
0.9254087	0.087227754
0.9254283	0.12904099
0.9254478	0.112867184
0.9254674	0.13817506
0.92548686	0.1424946
0.9254825	0.20397021
0.92547816	0.18300399
0.92545795	0.20444337
0.9254774	0.15998158
0.9254493	0.24642357
0.92546874	0.16136454
0.92542493	0.26936734
0.92543644	0.21165782
0.92544	0.21421154
0.92546725	0.13376966
0.9254393	0.25289255
0.9254823	0.10829072
0.9254308	0.25973466
0.9254186	0.23902023
0.9253987	0.17835984
0.9253474	0.21886827
0.925351	0.17067806
0.9253155	0.257806
0.92531914	0.20199035
0.92528373	0.2308934
0.92529523	0.19543307
0.92528325	0.15624493
0.9252557	0.23785502
0.925275	0.115934
0.9252631	0.20927696
0.9252668	0.16716494
0.9253094	0.080552444
0.9253208	0.1354294
0.9253167	0.18705441
0.9253281	0.18120897
0.92533946	0.15549277
0.9253508	0.16002564
0.92540085	0.05577667
0.9254199	0.13945886
0.9254312	0.16706312
0.9254193	0.23784046
0.9254305	0.19093262
0.9254263	0.20021896
0.92544526	0.14015567
0.9254488	0.1623138
0.9254523	0.19618036
0.92544806	0.19330086
0.9254362	0.15628274
0.9254704	0.1312167
0.92544323	0.20170581
0.9254467	0.22098652
0.9254119	0.2787391
0.92544603	0.17699532
0.9254571	0.19357942
0.92546064	0.17902127
0.9254717	0.17280935
0.9254828	0.12573858
0.9255091	0.10658488
0.9255202	0.13046198
0.9254855	0.2600739
0.92548895	0.2214828
0.92549235	0.153294
0.9255034	0.108341485
0.92552197	0.14255136
0.9255178	0.1439904
0.9255136	0.13173252
0.9254943	0.24956238
0.9255204	0.1337322
0.9255238	0.13490221
0.9255347	0.14372659
0.92553055	0.18302904
0.92550373	0.22524235
0.9255448	0.108439386
0.9255482	0.137472
0.92555153	0.13131183
0.9255699	0.17122908
0.9255883	0.13935308
0.9256066	0.13220842
0.92560244	0.20341067
0.9255682	0.21751781
0.9255865	0.14363691
0.9255599	0.21881026
0.9255333	0.16007935
0.9255441	0.15148719
0.92551756	0.2314456
0.9254835	0.27616864
0.92545706	0.18844378
0.92547536	0.16334458
0.9254862	0.17844985
0.92550445	0.14929055
0.92550033	0.16634879
0.9255111	0.11474525
0.9254848	0.18856907
0.92550296	0.1380683
0.9255137	0.18689679
0.925517	0.1416024
0.92552775	0.1860445
0.92557544	0.07529483
0.9255787	0.14095661
0.925582	0.15247606
0.92558527	0.15133475
0.92557377	0.2202392
0.9255991	0.08850235
0.9256024	0.10289583
0.9256056	0.15394509
0.92557204	0.23212224
0.92558265	0.18393092
0.9255712	0.18234476
0.9255524	0.27844155
0.92557037	0.15715328
0.925581	0.12612644
0.92560613	0.102363214
0.9256167	0.18765795
0.9256053	0.19797006
0.9256012	0.16837204
0.92556787	0.29951012
0.925593	0.12930988
0.9255889	0.17770228
0.9256067	0.15194105
0.9256026	0.19883095
0.9255913	0.23075545
0.9255945	0.14100462
0.92559767	0.1663548
0.9256299	0.11970823
0.9256331	0.143079
0.92563623	0.15274096
0.92559594	0.22452572
0.92560637	0.17243598
0.9256023	0.23486438
0.92559105	0.17830752
0.92556536	0.29025027
0.9255613	0.17961888
0.92557895	0.18182318
0.9255893	0.1980163
0.9256069	0.13121486
0.92563164	0.12010928
0.92562765	0.1551494
0.9256164	0.22379597
0.9256483	0.10113749
0.9256442	0.18595608
0.92565453	0.19665481
0.9256863	0.10397305
0.9256822	0.1686141
0.92570674	0.14904825
0.9257313	0.1332572
0.9257629	0.13039063
0.9257374	0.24724236
0.9257476	0.14059801
0.9257791	0.1049772
0.925775	0.15652362
0.92575663	0.2068916
0.9257597	0.16864872
0.925784	0.117810935
0.92573017	0.37015367
0.9257545	0.17623477
0.9257646	0.15775548
0.9257534	0.29326499
0.925721	0.27134457
0.9257099	0.19583973
0.92572	0.13223976
0.9257159	0.19401851
0.92572606	0.18115227
0.92572904	0.17146116
0.925725	0.19811264
0.92574215	0.09372266
0.92575216	0.14536318
0.9257692	0.16125616
0.9257933	0.085101396
0.92576814	0.2227367
0.9257501	0.16153379
0.925739	0.17664757
0.9256999	0.25880224
0.9257099	0.14261764
0.92569894	0.20244975
0.92570895	0.14254394
0.92567694	0.19520977
0.925673	0.22811729
0.92570394	0.09131149
0.925693	0.19139189
0.92568207	0.15751016
0.925699	0.12957098
0.9256811	0.25015417
0.92569804	0.15300064
0.9256732	0.18249916
0.9256623	0.19094446
0.9256861	0.12309538
0.9256822	0.17888002
0.92568517	0.13066438
0.92570204	0.1275694
0.9257119	0.14795539
0.925708	0.16840753
0.92569023	0.18979494
0.92571396	0.11133501
0.9257238	0.14052731
0.92571986	0.1629549
0.9257159	0.1768454
0.92574644	0.11177098
0.92574245	0.18332678
0.92572474	0.15732883
0.92570704	0.19871621
0.9256894	0.2542195
0.92571294	0.11591246
0.9257365	0.17737007
0.92576	0.09249737
0.92575604	0.17932203
0.9257658	0.11285294
0.9257619	0.22323921
0.92575794	0.17256695
0.9257608	0.19004774
0.9257501	0.20282196
0.9257666	0.122154295
0.92578995	0.094737984
0.925786	0.16169499
0.9257889	0.13771701
0.92577815	0.19461681
0.9257878	0.16634913
0.9257839	0.23519994
0.92577314	0.1876425
0.925776	0.16182019
0.92575175	0.306773
0.9257682	0.13558222
0.9257846	0.12769678
0.92580104	0.10619237
0.9258309	0.099901326
0.9258473	0.1949067
0.9258433	0.25208282
0.92585963	0.1316219
0.9258557	0.18522939
0.9258585	0.20152718
0.92586803	0.15139319
0.92588425	0.14570089
0.9258736	0.2328788
0.92586964	0.17431626
0.92588586	0.11158178
0.92589533	0.17538387
0.92593837	0.06277109
0.9259478	0.15633741
0.9259438	0.25385302
0.9259666	0.11719449
0.9259492	0.2387884
0.9259319	0.20408365
0.9259346	0.13605766
0.92587715	0.33372185
0.92586654	0.16997826
0.92586935	0.15877508
0.92583877	0.26926157
0.92585486	0.12063966
0.9258643	0.16808729
0.92589366	0.081869036
0.9259296	0.09217316
0.92593235	0.14797665
0.9259284	0.16254021
0.9259377	0.13163914
0.92594707	0.14041981
0.92592984	0.1700695
0.9259458	0.17732148
0.92596173	0.14486244
0.9259644	0.13369668
0.92591417	0.23137318
0.9258838	0.25636262
0.9258403	0.3805677
0.9258365	0.17686644
0.92583925	0.17266749
0.925842	0.1708983
0.9258513	0.13112438
0.9258475	0.15408999
0.9258304	0.20730978
0.92585945	0.12964034
0.92585564	0.24006143
0.9258583	0.14956456
0.9258676	0.12203813
0.9258965	0.11350747
0.9258796	0.20327213
0.92590195	0.106026754
0.92590463	0.15958351
0.92590725	0.15558347
0.9258903	0.20137227
0.9259061	0.13347825
0.92590225	0.21618025
0.9259245	0.11236262
0.9259076	0.25044233
0.92591673	0.14854048
0.92588687	0.21383522
0.92588955	0.1304219
0.92587924	0.16393125
0.9259079	0.096129
0.92591053	0.15792915
0.92593914	0.1137409
0.9259677	0.10461876
0.92598325	0.1720791
0.9259859	0.1775129
0.9259885	0.15039808
0.92599756	0.16981724
0.92597425	0.23751038
0.9259833	0.14725572
0.92596656	0.21996439
0.9259627	0.19363646
0.92597175	0.17301212
0.9259808	0.13823836
0.9260091	0.116802074
0.92599237	0.20032261
0.92598855	0.17443818
0.92597187	0.18612982
0.925968	0.17546195
0.9259642	0.15751831
0.9259732	0.14357968
0.92598855	0.18475197
0.9259912	0.14347333
0.9260001	0.12798518
0.92601544	0.1543103
0.9260116	0.21156847
0.9259886	0.23758522
0.9260103	0.11747969
0.926032	0.13600461
0.92603457	0.14589792
0.9260052	0.25367066
0.925995	0.19655076
0.9259912	0.24101768
0.92599374	0.22252603
0.9259899	0.22010529
0.9259862	0.23922582
0.92600775	0.10775817
0.9260166	0.14411321
0.9260128	0.1704723
0.92599	0.22861215
0.92599887	0.1482975
0.92600137	0.17553447
0.92600393	0.15210673
0.9260254	0.11868122
0.9260279	0.15598664
0.92604303	0.16355939
0.92604554	0.18689746
0.92607325	0.11845552
0.926082	0.11435887
0.9260782	0.17802286
0.9260869	0.16594376
0.92605793	0.21248423
0.9260667	0.13605165
0.9260692	0.17600916
0.926034	0.18870713
0.9260553	0.08616838
0.92602015	0.21795428
0.92601013	0.18536668
0.92601264	0.1779291
0.9260089	0.18461914
0.9259801	0.27166852
0.9259951	0.1381013
0.9259851	0.20657162
0.9259564	0.25292823
0.92597765	0.13111635
0.9259864	0.20592791
0.92600757	0.13162857
0.9260039	0.27016014
0.9260001	0.15448317
0.9260088	0.15072776
0.92600507	0.15683858
0.92600137	0.22648095
0.9260038	0.17149517
0.9260063	0.13942598
0.92602116	0.10630049
0.92602986	0.15127069
0.9260323	0.22689989
0.9260533	0.122329615
0.9260681	0.111633815
0.9260706	0.18694982
0.92607296	0.17575836
0.92608774	0.13232686
0.92610246	0.1083232
0.9260987	0.1664347
0.92610115	0.21029066
0.9261097	0.15868591
0.9261182	0.20248131
0.9261329	0.14382194
0.9261476	0.13738053
0.92614996	0.14426665
0.92616457	0.13337705
0.9261608	0.18283218
0.9261754	0.10634603
0.92619	0.18357728
0.9261556	0.2682775
0.92618245	0.089529894
0.9261848	0.15008822
0.92616874	0.18126531
0.9261772	0.1283331
0.9261673	0.23674862
0.9261758	0.13315529
0.9261781	0.16770178
0.92616826	0.1670533
0.92615837	0.21551271
0.92616683	0.16924049
0.92617524	0.19858937
0.9261654	0.22750166
0.92615557	0.15583228
0.92617613	0.10443146
0.9261724	0.18812658
0.9261686	0.2398696
0.926177	0.14286514
0.92619145	0.13602884
0.9262119	0.12544127
0.9262142	0.13701533
0.9262225	0.18430412
0.92624897	0.14416471
0.9262211	0.30078253
0.9262173	0.20413978
0.92624366	0.101491645
0.9262399	0.15195753
0.92623013	0.14917211
0.9262264	0.22377586
0.9262227	0.19576503
0.9262309	0.14180326
0.9262392	0.13041666
0.9262715	0.07168481
0.92628574	0.1471323
0.92628795	0.26033637
0.9262842	0.22700731
0.9262984	0.12117945
0.9263066	0.18233281
0.9263028	0.24265921
0.926317	0.15177998
0.92630726	0.20409723
0.92630345	0.1749979
0.92630565	0.1163244
0.92633176	0.1366494
0.92631006	0.2373888
0.9263242	0.123068854
0.92633235	0.12795459
0.92632264	0.19119753
0.92630696	0.24444006
0.9263151	0.17879233
0.9263114	0.15777285
0.92629576	0.17786571
0.9263157	0.11920816
0.92631197	0.17113467
0.9263142	0.18283027
0.9263163	0.23652628
0.92630666	0.18298239
0.9263089	0.1941064
0.926317	0.16923225
0.9263132	0.27306756
0.9262859	0.23742601
0.92629987	0.17849118
0.9263139	0.1265997
0.9263101	0.11195942
0.92633	0.1717335
0.9263557	0.06491371
0.92635787	0.2351117
0.92636	0.18527386
0.92635626	0.1665935
0.9263584	0.16228165
0.92636055	0.1942662
0.92635095	0.1611072
0.92635304	0.13588013
0.9263376	0.2593552
0.92633975	0.17022745
0.9263302	0.17130232
0.92629725	0.27430347
0.92629355	0.1875903
0.9263133	0.09646896
0.9263096	0.18844876
0.92632926	0.11814699
0.92636055	0.105934426
0.92638016	0.106818445
0.9263881	0.16439982
0.9263902	0.15810008
0.92638063	0.16169448
0.9263944	0.1393344
0.92638487	0.18090902
0.9263812	0.1527871
0.92638904	0.15078886
0.92639697	0.15201882
0.92640483	0.14750856
0.9263895	0.23494004
0.9263685	0.28794762
0.92637056	0.19856806
0.9263784	0.14613143
0.9263632	0.1550259
0.9263422	0.23192203
0.92635584	0.16390952
0.9263637	0.1560106
0.92637736	0.12185479
0.92637944	0.1727948
0.92636424	0.22341545
0.9263548	0.27880085
0.9263799	0.09633323
0.926405	0.13135327
0.9264071	0.1848646
0.9263977	0.20025817
0.92639977	0.14065197
0.92639035	0.18094654
0.92638093	0.20374115
0.9263658	0.16533518
0.92636216	0.1718604
0.9263471	0.23254727
0.9263663	0.12923595
0.92637414	0.13510449
0.9264048	0.087805584
0.9264125	0.13436463
0.9263746	0.2500679
0.9263938	0.16723981
0.9263902	0.2120995
0.9263694	0.22623265
0.9263544	0.313887
0.9263565	0.1884714
0.9263813	0.098913044
0.92638904	0.18596818
0.92640245	0.14561911
0.9263875	0.2265023
0.92638385	0.16681866
0.9263689	0.17871195
0.92637664	0.13774966
0.9264013	0.11747357
0.9264147	0.13673995
0.92640543	0.18756907
0.92640746	0.12826312
0.92643774	0.064041644
0.92643976	0.11029913
0.92643046	0.20829482
0.9264268	0.16262417
0.9264345	0.13360156
0.9264252	0.23928875
0.9264103	0.26517665
0.9264349	0.13065061
0.92639184	0.34822968
0.926422	0.10691207
0.926424	0.1751188
0.92642045	0.18608487
0.9264224	0.18408212
0.9264413	0.113283224
0.9264545	0.14001633
0.9264677	0.13507506
0.9264529	0.18657178
0.92645484	0.23900646
0.92644006	0.23876758
0.92644763	0.19685505
0.9264552	0.1578965
0.9264404	0.32369536
0.92644244	0.15394635
0.9264444	0.16798632
0.9264185	0.2605501
0.92643166	0.10861045
0.92641693	0.2127266
0.9264245	0.11236479
0.92636526	0.388852
0.92637837	0.15773137
0.9263693	0.16450687
0.92634904	0.2878318
0.92638445	0.09003163
0.9263753	0.167173
0.92638844	0.18094745
0.92640156	0.119139165
0.92638135	0.20437603
0.9264055	0.079942964
0.9264241	0.13379821
0.9264427	0.1073505
0.9264281	0.22858706
0.92641896	0.18995719
0.92641544	0.20549741
0.926434	0.12189022
0.92643595	0.15445612
0.9264544	0.13121413
0.9264564	0.17755611
0.9264363	0.20047735
0.9264383	0.18320803
0.92643476	0.16763999
0.9264147	0.21917409
0.9263947	0.20554046
0.92637473	0.22963817
0.9263822	0.15704995
0.9263732	0.21563427
0.9264026	0.077568494
0.9264101	0.12619236
0.92642844	0.11509551
0.9264249	0.21023153
0.92645425	0.117751606
0.9264507	0.16100715
0.9264417	0.22689661
0.9264491	0.120208904
0.9264456	0.2520616
0.9264476	0.20444047
0.9264604	0.16742237
0.92644596	0.22372253
0.92645884	0.13512228
0.9264553	0.19135264
0.926479	0.13816637
0.92647004	0.17614268
0.9264937	0.07135724
0.9265173	0.101257704
0.92652464	0.18622747
0.92652655	0.15884265
0.92651755	0.20964336
0.92651945	0.17738602
0.926543	0.13013132
0.9265503	0.15276358
0.9265522	0.1843729
0.9265649	0.14465238
0.9265667	0.19317429
0.9265848	0.098309964
0.92659205	0.1947788
0.92659384	0.1365235
0.9265903	0.2092977
0.9265922	0.14827588
0.9265994	0.15605444
0.9266174	0.10574471
0.9266138	0.1808187
0.9265995	0.23246622
0.92659056	0.16867112
0.92661387	0.17757742
0.9266211	0.15028621
0.9266444	0.11820324
0.926673	0.074645504
0.9266855	0.18592745
0.926698	0.1378986
0.92671585	0.12615186
0.92673904	0.10707048
0.9267675	0.09414755
0.92679065	0.11183481
0.92680305	0.13435736
0.9267994	0.13156742
0.92677975	0.2618476
0.92678684	0.18982099
0.92680454	0.13989386
0.92678493	0.25644374
0.92679197	0.17815417
0.92680967	0.08684809
0.9268273	0.10972296
0.926829	0.14037171
0.9268573	0.10903959
0.92685896	0.24792407
0.92686594	0.15689436
0.9268304	0.3130946
0.92684275	0.12578522
0.9268497	0.13832186
0.9268514	0.16080248
0.92685837	0.13517447
0.9268547	0.19027801
0.9268511	0.25079942
0.9268369	0.31477815
0.9268068	0.26642823
0.9267821	0.2392022
0.9267627	0.2055402
0.9267486	0.24009033
0.92673445	0.2379137
0.9267309	0.1828986
0.9267379	0.14267279
0.9267501	0.17039128
0.9267466	0.15566814
0.9267536	0.14937884
0.92674476	0.15284759
0.92672545	0.27385628
0.9267324	0.15395299
0.9267394	0.12325355
0.92674106	0.17459683
0.9267428	0.14991471
0.92672354	0.24810573
0.9267357	0.1246392
0.9267322	0.13519396
0.92675483	0.09141296
0.92677224	0.09862903
0.9267687	0.20285022
0.92677563	0.21602724
0.92678773	0.13864018
0.92679465	0.16845465
0.92678064	0.16447107
0.92679274	0.11217519
0.92676836	0.19133282
0.92677003	0.15019132
0.92678213	0.10970864
0.92678905	0.155549
0.9267907	0.17659652
0.92680275	0.12982169
0.92678887	0.20324583
0.9268061	0.16596337
0.9268026	0.15299827
0.9268042	0.17135663
0.9268162	0.11844049
0.92679197	0.21465117
0.9268092	0.1183953
0.92682636	0.09518513
0.926828	0.18446766
0.92682964	0.14563769
0.9268416	0.1145966
0.9268639	0.15093519
0.9268759	0.16256511
0.9268981	0.12670732
0.9269152	0.10207751
0.9269271	0.10655339
0.9269184	0.21406421
0.92693025	0.12804888
0.926937	0.17357738
0.9269334	0.17498472
0.92692983	0.17731155
0.9269263	0.14648935
0.926933	0.12622818
0.9269397	0.16112493
0.92693615	0.19783294
0.9269429	0.1629835
0.9269342	0.19330439
0.92694086	0.16804335
0.92695266	0.13742085
0.9269747	0.110277586
0.926966	0.19257544
0.92698294	0.10748493
0.92697936	0.24175489
0.9269809	0.17394173
0.92699265	0.13275373
0.9269789	0.17936827
0.9269855	0.14263938
0.92702276	0.054051194
0.92703444	0.12439548
0.92703086	0.21833065
0.9270375	0.11126482
0.9270135	0.22250672
0.92701507	0.1608501
0.92701656	0.15286332
0.9270232	0.15089437
0.9270196	0.2006625
0.9270262	0.13649146
0.92703784	0.15198188
0.9270698	0.07109844
0.9270662	0.1506611
0.9270727	0.13627487
0.9270691	0.20233536
0.92706555	0.18094663
0.9270721	0.13034737
0.92707866	0.15189943
0.92706496	0.19031285
0.9270766	0.15495533
0.92708814	0.11474732
0.92707443	0.17319623
0.927081	0.16969444
0.9270925	0.10527355
0.9271141	0.1545287
0.9271206	0.115930974
0.92711705	0.15934527
0.9271084	0.18317999
0.9271099	0.17321886
0.9271063	0.21337552
0.9270726	0.27149796
0.92706907	0.20977066
0.92707056	0.16738856
0.92708707	0.12060611
0.9270785	0.20640348
0.9270899	0.11484101
0.9270914	0.14289568
0.92709786	0.18484454
0.9270843	0.2311056
0.92709076	0.17649834
0.9270972	0.12231592
0.92712367	0.11459407
0.92714506	0.079004884
0.9271365	0.17888205
0.9271379	0.17312439
0.9271593	0.12746997
0.9271507	0.2588224
0.9271223	0.26814494
0.92714363	0.11547447
0.9271351	0.17462178
0.92715144	0.14344338
0.9271678	0.13401583
0.9271791	0.099684626
0.92718047	0.20186342
0.9271819	0.13204865
0.9271684	0.1994069
0.9271698	0.16426842
0.9271811	0.11341272
0.92720234	0.15094231
0.9272235	0.09503103
0.9272298	0.11931705
0.92722625	0.20195037
0.92723256	0.10275549
0.92722404	0.16830511
0.92723036	0.12782681
0.92722183	0.13664566
0.92722815	0.13698134
0.9272443	0.11508557
0.9272457	0.17136504
0.9272618	0.10733454
0.92728287	0.0737699
0.9272842	0.1757061
0.92730516	0.06104492
0.9272967	0.19554971
0.9272882	0.21932454
0.92729443	0.17018457
0.92731047	0.12723315
0.9273118	0.16944815
0.92731804	0.14528501
0.92732424	0.19425908
0.92732555	0.16339235
0.92731214	0.19945198
0.92731345	0.12300201
0.9272952	0.1907335
0.92729163	0.15896443
0.9272832	0.2616639
0.92727965	0.16756119
0.9272761	0.14656338
0.92728233	0.15998283
0.92729336	0.14260267
0.92730445	0.10308174
0.92731553	0.1646318
0.92731196	0.18946055
0.927323	0.13470037
0.9273194	0.18215305
0.9273207	0.17648393
0.92733663	0.15966588
0.9273428	0.1470954
0.92735374	0.13588893
0.9273793	0.091716155
0.927366	0.19493015
0.9273576	0.23813434
0.9273492	0.17478411
0.9273602	0.21866725
0.9273614	0.21793501
0.92736757	0.15342936
0.92738336	0.102654226
0.92738944	0.18033724
0.92740035	0.119182885
0.9273823	0.21896382
0.9273836	0.20413093
0.9273607	0.2209167
0.92737645	0.11600715
0.9273729	0.15750284
0.9273501	0.23026249
0.9273273	0.21473974
0.92733335	0.23588037
0.9273587	0.0816995
0.9273359	0.20643908
0.9273564	0.0869659
0.9273529	0.18686338
0.927359	0.25074312
0.92737466	0.15559034
0.9273903	0.122663744
0.92738676	0.1739955
0.92738324	0.23669016
0.92738926	0.14415404
0.927357	0.25579634
0.9273439	0.17710094
0.9273595	0.08525341
0.92736554	0.18415412
0.9273525	0.24654308
0.92736334	0.10641787
0.92736936	0.13654831
0.92736584	0.1610363
0.9273671	0.1583242
0.9273636	0.17727213
0.9273648	0.1743298
0.9273613	0.16533463
0.9273483	0.21689658
0.92735434	0.1357756
0.92736506	0.19747026
0.9273901	0.06702727
0.9273771	0.26569134
0.9273736	0.1958997
0.9273796	0.17759287
0.92739034	0.15517707
0.92737734	0.20486873
0.92736435	0.22075918
0.9273751	0.11722561
0.92737633	0.16122827
0.92739177	0.17434227
0.9273599	0.2514894
0.92738	0.10113934
0.927386	0.16836968
0.92739666	0.09989886
0.9273979	0.15975885
0.92738026	0.25162825
0.9273768	0.16216265
0.9273733	0.14620295
0.92736983	0.23759088
0.9273711	0.20032209
0.9273817	0.15880777
0.92738765	0.14554128
0.9273701	0.3166934
0.92738074	0.110764444
0.9273725	0.17748919
0.9273644	0.1634121
0.92736095	0.21272168
0.92736214	0.18517487
0.9273587	0.18426591
0.9273506	0.15527157
0.9273471	0.22242844
0.9273718	0.12637456
0.92738706	0.13601507
0.92739296	0.13902551
0.92739886	0.13250151
0.92738605	0.15239449
0.9273873	0.17009747
0.92738384	0.16226366
0.92738503	0.2087848
0.92739093	0.17004259
0.92740613	0.15489914
0.927398	0.1894043
0.92739457	0.14490037
0.92740047	0.15157804
0.9274063	0.16150218
0.92742616	0.08155615
0.92740875	0.24672167
0.9273867	0.23998617
0.9273786	0.22217092
0.92738914	0.104139134
0.927395	0.23250681
0.9273962	0.17555003
0.9274206	0.08466118
0.9274264	0.17967029
0.92739516	0.251706
0.9273871	0.2389166
0.9273883	0.14424977
0.9274127	0.10127353
0.9274231	0.15944646
0.9274428	0.09265271
0.92743474	0.16924123
0.92743593	0.12881643
0.92745095	0.11793684
0.927466	0.09407572
0.927481	0.07258191
0.92747295	0.3134063
0.92746025	0.21948288
0.92746603	0.21511646
0.927458	0.15360361
0.927473	0.1030436
0.92748797	0.1437343
0.92750293	0.13441455
0.9274995	0.18012232
0.9275144	0.15873961
0.9275109	0.1457968
0.92748916	0.2217075
0.9274903	0.20280533
0.92747307	0.2334037
0.92747885	0.1647175
0.92749834	0.10715908
0.9274995	0.17062117
0.9275006	0.175864
0.9275109	0.1462324
0.92750746	0.21854198
0.9275086	0.21577781
0.9275006	0.229447
0.9274972	0.17702228
0.92750746	0.16291583
0.9274995	0.2669767
0.927496	0.19511838
0.9274926	0.12986945
0.9274892	0.20818368
0.9274767	0.2026705
0.92748237	0.21205242
0.92747444	0.18013431
0.92748016	0.15626247
0.92747676	0.16014665
0.92750514	0.07479854
0.9275108	0.18047242
0.92751193	0.14273946
0.9274995	0.21876544
0.92750514	0.1450302
0.9274927	0.18603824
0.9274757	0.25780258
0.92748135	0.14820449
0.9274825	0.19906391
0.9274791	0.181952
0.9274712	0.22218607
0.92748135	0.15837406
0.92750514	0.088283494
0.92750174	0.18245476
0.9275074	0.15124714
0.9275085	0.17966427
0.9275322	0.093035795
0.92752427	0.15927893
0.9275299	0.15965325
0.927513	0.20081024
0.92751414	0.17413694
0.92751074	0.22407244
0.92753434	0.0697034
0.92753094	0.1890763
0.9275321	0.16748396
0.9275287	0.19029026
0.9275343	0.137105
0.9275399	0.14023419
0.92754096	0.1811422
0.927569	0.106242485
0.92755216	0.2197506
0.9275398	0.23489185
0.9275364	0.17347847
0.92755544	0.09940019
0.927561	0.13644695
0.92755765	0.20210367
0.9275453	0.1416107
0.9275464	0.1620672
0.9275743	0.078705356
0.9275843	0.16436271
0.9275765	0.18119921
0.9275597	0.22028598
0.9275608	0.1923845
0.9275619	0.22621089
0.9275496	0.1979656
0.9275507	0.14000943
0.92754287	0.18638183
0.9275395	0.22182553
0.9275584	0.09869678
0.9275595	0.11860917
0.9275472	0.21338557
0.927535	0.17467985
0.92755383	0.12707828
0.9275505	0.23241498
0.9275206	0.32485238
0.9274995	0.3169412
0.92749614	0.20520578
0.92751944	0.1017088
0.9275249	0.11898327
0.9275349	0.10796764
0.9275183	0.22409625
0.9275194	0.19537559
0.92752045	0.15506892
0.9275172	0.1750739
0.9275094	0.16067867
0.92749727	0.21150188
0.9275072	0.10499965
0.9275039	0.21454851
0.9275006	0.17100802
0.9275149	0.14719643
0.9275248	0.15083468
0.9275523	0.07774457
0.9275358	0.23015477
0.92751485	0.19808237
0.9275116	0.19984213
0.92752147	0.15171455
0.9275181	0.21007867
0.92753243	0.16386603
0.9275467	0.113014266
0.92754334	0.29113472
0.9275576	0.09380806
0.92757183	0.1609356
0.9275641	0.18557957
0.92756957	0.13905098
0.92757064	0.1838236
0.92757607	0.15027405
0.9275684	0.2043119
0.92756945	0.1796872
0.9275792	0.103328615
0.9275803	0.16178037
0.92757696	0.1663198
0.9275649	0.27152574
0.927566	0.18033949
0.9275845	0.12103861
0.92759866	0.15300152
0.9276127	0.0916116
0.9276051	0.1753147
0.92761916	0.12678307
0.92762893	0.16869281
0.9276082	0.26733848
0.9276136	0.13657548
0.92762333	0.11755767
0.92763305	0.11239604
0.9276471	0.09989893
0.9276481	0.20022795
0.9276361	0.23606634
0.92763716	0.15682733
0.9276468	0.1686394
0.92764354	0.152874
0.92763156	0.23881291
0.9276282	0.21735273
0.9276552	0.08872239
0.92765194	0.18071292
0.9276443	0.23940441
0.92765397	0.16091776
0.92764634	0.2581372
0.9276603	0.08410277
0.9276915	0.052820157
0.9277011	0.11606513
0.9277064	0.14130917
0.927716	0.17166016
0.9276998	0.21574377
0.92767924	0.25519738
0.92768455	0.16252297
0.92769414	0.120606996
0.92770374	0.13163346
0.92770904	0.12795492
0.9277186	0.1532928
0.92773247	0.10314404
0.9277463	0.17633794
0.9277387	0.18775067
0.9277311	0.22287926
0.9277235	0.22779194
0.9277202	0.17249577
0.9277169	0.1977126
0.9277307	0.13975634
0.9277317	0.1924926
0.92773694	0.13062643
0.92772937	0.15701245
0.92773885	0.13570406
0.92772275	0.23750828
0.927728	0.14780208
0.927746	0.09792203
0.927747	0.17018661
0.9277437	0.18624964
0.92775315	0.13312769
0.9277584	0.13456722
0.9277338	0.2804873
0.927739	0.16847903
0.9277187	0.31267852
0.92771965	0.17968729
0.92773336	0.13483326
0.92774284	0.15483183
0.92773104	0.21621136
0.92775327	0.107785694
0.9277542	0.21347558
0.92774665	0.1913847
0.92774767	0.20564725
0.92775285	0.18413243
0.9277538	0.16140817
0.927742	0.19314785
0.9277387	0.13465169
0.9277397	0.15590195
0.9277407	0.1820697
0.9277374	0.160359
0.9277299	0.20694998
0.9277477	0.1043277
0.92773604	0.24782495
0.92773277	0.23238677
0.92774636	0.115740165
0.92775154	0.16278252
0.92776096	0.1387684
0.92777455	0.13898787
0.92776704	0.2128266
0.92775536	0.20208803
0.9277521	0.24971586
0.9277404	0.21052662
0.92774975	0.111934364
0.9277381	0.2584506
0.927739	0.15218449
0.92772317	0.26446006
0.9277241	0.18198176
0.9277251	0.20904747
0.92773026	0.16471551
0.92771864	0.24200393
0.9277405	0.0954205
0.92775404	0.09718258
0.9277508	0.26110712
0.9277518	0.19939291
0.9277485	0.16591248
0.9277536	0.13006087
0.92775875	0.1777973
0.9277597	0.16328575
0.9277732	0.112444565
0.92777824	0.14657077
0.927775	0.15404436
0.9277801	0.11767688
0.9277685	0.27317783
0.92777365	0.1764756
0.9277704	0.16610637
0.9277755	0.13853556
0.9277764	0.14971823
0.92776483	0.18399373
0.92776996	0.2248848
0.9277584	0.22962718
0.9277552	0.25667363
0.92775613	0.18636061
0.92771965	0.31609723
0.92771643	0.2183914
0.92770493	0.20713362
0.9276934	0.190438
0.92769027	0.20689964
0.9276912	0.16465065
0.9276963	0.15701367
0.9276973	0.16009189
0.92768997	0.18614082
0.9277157	0.0766237
0.92771256	0.22790107
0.92773	0.13732173
0.9277351	0.16343932
0.92772776	0.17903928
0.9277246	0.20748527
0.9277379	0.14607154
0.92773056	0.3070824
0.9277356	0.18912433
0.9277407	0.12123228
0.9277622	0.06591585
0.9277837	0.108630754
0.9277847	0.16751614
0.9277979	0.12167116
0.92781526	0.09682185
0.92783266	0.10805102
0.9278376	0.15927544
0.9278385	0.19967718
0.92785174	0.12486665
0.9278403	0.20720632
0.9278371	0.1625742
0.9278257	0.22923134
0.9278225	0.16876298
0.927811	0.17655057
0.92782015	0.118804105
0.9278456	0.0888376
0.9278383	0.14880055
0.9278474	0.19206406
0.9278483	0.15404852
0.9278532	0.20872435
0.92785	0.116499014
0.92787135	0.066075556
0.9278763	0.19138865
0.92788124	0.12440024
0.9278984	0.1274077
0.92789924	0.12926047
0.9279042	0.1677845
0.9279132	0.124641806
0.92791814	0.14918584
0.92790675	0.18157898
0.9279076	0.153446
0.92791253	0.13443199
0.92791337	0.13998854
0.927898	0.21260609
0.9279151	0.14537764
0.92792404	0.12466474
0.92791677	0.22288318
0.92792165	0.13504647
0.92792255	0.14298172
0.92792743	0.22857384
0.92792016	0.2127746
0.92791694	0.19538683
0.927934	0.10873314
0.9279308	0.17659925
0.92793566	0.110087484
0.9279446	0.11051522
0.9279414	0.18684715
0.9279422	0.21325423
0.92794305	0.13820365
0.92795193	0.2448903
0.9279689	0.12971583
0.92796165	0.18425998
0.9279585	0.15168476
0.92795926	0.15100199
0.92796814	0.13091901
0.92797303	0.106673285
0.9279577	0.21724062
0.9279666	0.13420945
0.9279714	0.1679027
0.92796016	0.32299694
0.927957	0.17161198
0.92795783	0.13602643
0.9279426	0.26195616
0.9279514	0.11639847
0.92795223	0.15567991
0.9279611	0.117529705
0.9279619	0.1525096
0.9279427	0.22707151
0.9279475	0.15164576
0.92795634	0.14910938
0.9279251	0.24981539
0.92793393	0.13184397
0.9279268	0.21955007
0.9279236	0.21628757
0.92792845	0.120764405
0.9279213	0.22032566
0.9279341	0.15889463
0.9279269	0.24611597
0.92792773	0.16244008
0.9279206	0.20137438
0.9279134	0.21360648
0.92790234	0.2914007
0.9279071	0.14347567
0.92791593	0.1150526
0.92791677	0.15168531
0.9279216	0.16357362
0.92791843	0.19873649
0.9279153	0.2051072
0.9279081	0.18358454
0.92789704	0.23910093
0.9278979	0.15324992
0.9279146	0.105235316
0.92791545	0.15024418
0.92793214	0.103889026
0.9279369	0.18229131
0.92794967	0.0983755
0.9279663	0.12790988
0.92794734	0.2211113
0.9279481	0.14286318
0.92794496	0.13309376
0.92795765	0.12645547
0.9279664	0.12691669
0.9279751	0.122504205
0.92798775	0.10177801
0.9279925	0.13167278
0.92798936	0.12485699
0.92799014	0.18707298
0.9279949	0.20059311
0.92801934	0.050619677
0.92802805	0.11313124
0.9280367	0.119597636
0.9280532	0.107482284
0.9280422	0.23139694
0.9280351	0.24486506
0.9280319	0.20604992
0.92803663	0.14922702
0.9280453	0.14140955
0.92805386	0.14960009
0.9280743	0.09094807
0.92807114	0.20018807
0.92807186	0.16842656
0.9280687	0.20013855
0.9280812	0.18421209
0.92808986	0.16414146
0.92808664	0.19121796
0.92809135	0.14202678
0.9281038	0.10387594
0.92812806	0.09012853
0.9281288	0.13656199
0.9281334	0.11317196
0.9281576	0.055100866
0.9281623	0.10681778
0.92818254	0.06643179
0.92819107	0.11617347
0.92820346	0.14485973
0.9282081	0.1344959
0.9281893	0.30779618
0.92818606	0.19329828
0.9281829	0.14974079
0.9281992	0.06239581
0.92820376	0.12061655
0.9282201	0.06201955
