0.94	0.121880434
0.94	0.10006455
0.9533333	0.044548158
0.96	0.050127503
0.958	0.14035596
0.96	0.0702948
0.96	0.14805353
0.9625	0.07607955
0.96444446	0.07340569
0.964	0.0935121
0.96181816	0.14303316
0.9608333	0.07858068
0.96	0.1471403
0.95928574	0.08969644
0.958	0.1268527
0.955625	0.12034675
0.95705885	0.05461539
0.9577778	0.078774266
0.95894736	0.058606073
0.96	0.057365526
0.9609524	0.0583325
0.96090907	0.09918946
0.9591304	0.16900751
0.9579167	0.10447005
0.958	0.10141275
0.9592308	0.06734264
0.95962965	0.072805956
0.96107143	0.033403292
0.9610345	0.09287408
0.961	0.105525054
0.96	0.1689505
0.9596875	0.092034094
0.95969695	0.1409589
0.9602941	0.07870357
0.9605714	0.07143661
0.96055555	0.073555745
0.96054053	0.109033726
0.9613158	0.045989178
0.96102566	0.09833539
0.96075	0.107209705
0.9607317	0.07586126
0.96166664	0.03776956
0.9616279	0.0843667
0.96181816	0.10735519
0.9617778	0.087682635
0.9619565	0.09671535
0.9614894	0.12058681
0.9614583	0.10497543
0.9612245	0.107765496
0.961	0.10669173
0.96156865	0.048747163
0.96134615	0.13676019
0.96188676	0.020906119
0.96185184	0.10671496
0.9612727	0.13731422
0.96107143	0.1727698
0.9608772	0.08853857
0.9612069	0.07372111
0.9613559	0.07953349
0.9611667	0.097325355
0.96114755	0.14039563
0.9608064	0.14963599
0.96063495	0.07179277
0.9609375	0.06916602
0.96046156	0.18949434
0.9604545	0.13626581
0.9602985	0.12333435
0.9605882	0.07473433
0.9604348	0.06899829
0.9605714	0.0669991
0.9607042	0.07356468
0.9608333	0.06408455
0.9609589	0.086944655
0.96094596	0.14684083
0.9604	0.13333918
0.9606579	0.053476796
0.96103895	0.02565308
0.9612821	0.099205665
0.9613924	0.08065219
0.96125	0.122023605
0.96148145	0.08894352
0.96158534	0.069050625
0.96180725	0.06556587
0.96190476	0.10253131
0.96188235	0.08593168
0.96197677	0.09351375
0.9621839	0.078546055
0.9616307	0.27806795
0.9616123	0.09494152
0.9619292	0.031523842
0.9620183	0.055547055
0.96199626	0.15090452
0.9617587	0.122524865
0.961633	0.13987012
0.9617215	0.06193691
0.9617035	0.09044389
0.9619965	0.034037367
0.961976	0.09184807
0.9616516	0.20091297
0.96163505	0.084721
0.9616188	0.09194669
0.9616028	0.08530345
0.96148974	0.12244486
0.9614753	0.09306291
0.96146125	0.13267785
0.96135265	0.14707474
0.96105844	0.14220066
0.9606768	0.1390691
0.96094686	0.047471546
0.9611207	0.07563932
0.9612011	0.10132371
0.96110064	0.11005501
0.96126854	0.051585197
0.9608171	0.20827648
0.9609845	0.049153585
0.96106255	0.08254321
0.96122503	0.06490252
0.96146977	0.046694096
0.9614574	0.12613703
0.9616961	0.04040257
0.9618479	0.07259642
0.96175045	0.10246518
0.96173614	0.11026596
0.961803	0.08080681
0.961628	0.11216424
0.96169466	0.07973752
0.9618393	0.08461749
0.9618249	0.10650675
0.9621218	0.025946194
0.96225977	0.069721125
0.9620893	0.16888565
0.96214944	0.08391531
0.96205777	0.12402041
0.9621921	0.08266593
0.96232444	0.07588616
0.96238106	0.053996257
0.9619243	0.20680529
0.9619103	0.13351732
0.96196866	0.080819756
0.9619546	0.13025296
0.9620829	0.07756288
0.9617857	0.27090153
0.96191347	0.039517656
0.96183044	0.14301161
0.96202534	0.07047863
0.9622862	0.02420199
0.96227056	0.06889252
0.9622552	0.12517777
0.96224004	0.10132402
0.96195763	0.15261026
0.9618118	0.15346618
0.9618658	0.12297459
0.96185356	0.13100624
0.9617764	0.15877762
0.9617649	0.13696346
0.9618821	0.05732017
0.9616785	0.12261547
0.96179473	0.06417628
0.96172035	0.09698308
0.9616469	0.117480904
0.96176124	0.084517136
0.9618741	0.06455485
0.9619241	0.12446992
0.9616678	0.16301359
0.9617792	0.10123697
0.96176845	0.11004735
0.96163774	0.22185576
0.961807	0.052663293
0.9616777	0.21087897
0.9617857	0.044910826
0.96159935	0.13660578
0.9617066	0.07798325
0.9618126	0.0731288
0.96185976	0.10868492
0.9618491	0.078572124
0.9618386	0.098589
0.9619414	0.09259514
0.96181786	0.1262025
0.9617517	0.1460609
0.961909	0.047331743
0.96189845	0.07263399
0.96172273	0.15626648
0.961549	0.20605251
0.96170396	0.03954314
0.9616948	0.10455476
0.9617934	0.054055795
0.961623	0.18134974
0.9617743	0.06456074
0.9616058	0.14105602
0.9615446	0.1096874
0.96153647	0.11328752
0.96163285	0.10065148
0.9616243	0.090058155
0.961616	0.10085276
0.96171045	0.08597257
0.9615994	0.10196406
0.96148956	0.13901752
0.961482	0.12262914
0.96147454	0.08687334
0.9615173	0.051675547
0.9614598	0.09443923
0.96135336	0.123661555
0.961248	0.15790771
0.9611927	0.14396255
0.96128464	0.06521473
0.961327	0.08808433
0.9611754	0.12572443
0.96131426	0.04298331
0.96126	0.15464915
0.96144485	0.031652413
0.961533	0.06471595
0.9614312	0.20867486
0.96137744	0.107607
0.96146464	0.033631958
0.96136457	0.11420339
0.9614046	0.05636527
0.9613982	0.08705459
0.96157557	0.036626086
0.9616599	0.078354344
0.9618345	0.03864735
0.9618715	0.090018705
0.9619082	0.07658816
0.9619446	0.076828375
0.96180165	0.14283662
0.9616601	0.13908488
0.96156406	0.108198054
0.96155715	0.063184865
0.9615942	0.081625864
0.96158725	0.081718184
0.9614497	0.108036555
0.9612699	0.17653765
0.9612212	0.14465943
0.96112996	0.09993696
0.96108234	0.08647201
0.961163	0.107860215
0.9612429	0.06056856
0.96123767	0.07650282
0.96140087	0.028444713
0.9614788	0.08779525
0.9613474	0.13004908
0.9613834	0.08344289
0.96125346	0.26035053
0.9612071	0.10224431
0.96124315	0.12629317
0.9612381	0.07874435
0.9613145	0.08940527
0.96114695	0.18770833
0.9610211	0.14911848
0.96093655	0.12786706
0.96097285	0.08659027
0.9610089	0.066314824
0.96108437	0.06710995
0.9610801	0.14528306
0.9611153	0.057048235
0.9610716	0.091218
0.96110654	0.07787509
0.9611412	0.08488755
0.96113676	0.09261361
0.9610937	0.11834557
0.96120507	0.08438938
0.9612388	0.11880265
0.96131057	0.08941467
0.9611532	0.16725309
0.9611109	0.08209584
0.9611445	0.07305356
0.9611402	0.10573905
0.9611734	0.12374063
0.96120644	0.07004396
0.9612019	0.07724356
0.9613088	0.043232903
0.96137786	0.059837166
0.9612991	0.14559636
0.96125764	0.093829304
0.96118	0.1794788
0.9612121	0.07912543
0.9611351	0.16080032
0.96116716	0.1097379
0.961199	0.11136078
0.96126646	0.058973625
0.96133345	0.053291395
0.9614357	0.059732623
0.96143055	0.12048255
0.9613901	0.103705786
0.9613852	0.106455475
0.96148574	0.04586978
0.9615506	0.05210955
0.9615103	0.11746244
0.9615398	0.080409795
0.96156913	0.06080062
0.9615982	0.11252703
0.96155834	0.12636936
0.961553	0.079003096
0.9615477	0.08741638
0.96147424	0.08997341
0.9615372	0.050527673
0.9615658	0.0690284
0.9614931	0.09827093
0.9615217	0.06528275
0.96144956	0.114561796
0.96144474	0.06376528
0.9614732	0.087460846
0.9615678	0.029734056
0.96166176	0.03831347
0.9616234	0.12703437
0.961618	0.08646269
0.9616127	0.105357684
0.96160746	0.13156277
0.9615697	0.1094329
0.96153224	0.09771542
0.9615273	0.09561631
0.96145797	0.15673897
0.96151745	0.0666238
0.9614486	0.12192519
0.96141213	0.107403524
0.96140766	0.08333269
0.96149826	0.06551032
0.9613987	0.11840096
0.9613943	0.08604442
0.9614214	0.09806295
0.9613856	0.14850707
0.9613189	0.13041751
0.9612526	0.19861922
0.9612487	0.10479249
0.9613067	0.08387219
0.96136427	0.08447359
0.9614215	0.05271011
0.9614478	0.09951571
0.96141285	0.14283234
0.96143895	0.11653897
0.96140426	0.17449714
0.96140003	0.09625712
0.9614863	0.046307314
0.96154195	0.06481468
0.9615373	0.07225773
0.96150285	0.1281157
0.9614983	0.105831526
0.9614939	0.1382076
0.9614895	0.096767865
0.96157366	0.040132232
0.9615101	0.10044347
0.9615057	0.067177325
0.9615013	0.10826716
0.96149695	0.08937996
0.96149254	0.10013576
0.96140116	0.1614781
0.9613682	0.14379658
0.9614508	0.042663593
0.9614754	0.07394546
0.9614138	0.15308484
0.96146697	0.055334665
0.9614057	0.20170152
0.96143013	0.12585449
0.9614261	0.14384675
0.9613655	0.20340955
0.96133345	0.09384645
0.96138597	0.072134726
0.96138203	0.07803188
0.9613502	0.12723635
0.96140224	0.0778057
0.961454	0.045174193
0.9614222	0.10493833
0.9614736	0.041803278
0.96155226	0.034652412
0.9615205	0.09330139
0.96157116	0.057020124
0.9614848	0.11763842
0.9615626	0.04032469
0.96147674	0.15257296
0.9613913	0.13768831
0.96141464	0.11231957
0.9613838	0.08272717
0.961407	0.06567297
0.9614838	0.036214244
0.9615333	0.052015375
0.96147585	0.13466005
0.9614985	0.09889512
0.96149457	0.112294
0.96157	0.04286964
0.9615659	0.10935113
0.96156174	0.1099567
0.96145254	0.20387383
0.96147496	0.10321805
0.961445	0.09010842
0.9614933	0.091237366
0.96143746	0.13534504
0.9614078	0.11164914
0.96143	0.077185355
0.9614521	0.071721874
0.9615256	0.056118917
0.9615217	0.074119836
0.9615178	0.084396295
0.96148837	0.14364354
0.96148455	0.12609799
0.96140456	0.19393891
0.96147704	0.034225296
0.9615239	0.054504827
0.96159565	0.03493242
0.96159166	0.091972835
0.96163785	0.0794756
0.9615837	0.12399664
0.96155477	0.15209088
0.9615509	0.08357849
0.9615967	0.07313824
0.9616176	0.08159681
0.9615394	0.1357588
0.96153563	0.116693325
0.9615318	0.075757354
0.96152806	0.09691692
0.96149987	0.11720837
0.9614962	0.10256699
0.96144384	0.2079359
0.9614403	0.10360533
0.9614126	0.082592785
0.96143335	0.09559888
0.96150225	0.07298287
0.9614265	0.13019608
0.96137506	0.1059882
0.9613478	0.10815666
0.9612968	0.1405678
0.9611984	0.16672252
0.96114796	0.23653525
0.96116894	0.1296958
0.9611189	0.13224162
0.96118706	0.03948146
0.96118426	0.0956343
0.9611345	0.11437909
0.96120214	0.051436182
0.96115255	0.0999792
0.9611499	0.09657454
0.9610541	0.17214583
0.9610284	0.085954756
0.9610492	0.088213965
0.96104676	0.106791
0.9610213	0.129433
0.96106493	0.08753273
0.96103954	0.1538884
0.9610601	0.07510896
0.96103483	0.117409356
0.96107805	0.053449143
0.9610984	0.10924148
0.96105045	0.17893082
0.96104807	0.10488659
0.9610457	0.17262928
0.9610659	0.07890666
0.96095103	0.15551536
0.96097136	0.093807995
0.96099156	0.06980258
0.96089995	0.15361263
0.96094257	0.06864903
0.9609627	0.107893124
0.961005	0.05539014
0.96091413	0.15916057
0.9609121	0.113850266
0.9609542	0.10119836
0.9609301	0.14422493
0.96088415	0.16607787
0.9609041	0.10060461
0.96094584	0.14497438
0.9609874	0.07022354
0.961007	0.062157564
0.96089625	0.19916297
0.960916	0.073384345
0.96093565	0.11586665
0.9608689	0.17838736
0.96086705	0.09233118
0.9609081	0.0789039
0.96094906	0.08744884
0.96092564	0.11197358
0.9609237	0.14179534
0.9607939	0.19064401
0.96087724	0.031429812
0.9608754	0.078606755
0.9608947	0.07110346
0.96095616	0.04627253
0.960912	0.11972049
0.96084696	0.10866097
0.9608662	0.109551705
0.96086437	0.10495986
0.9608626	0.08130383
0.96090245	0.10640576
0.960859	0.11765886
0.9609195	0.05322138
0.96093833	0.07459454
0.96095705	0.094297454
0.96093446	0.103973776
0.9609531	0.069841154
0.96095115	0.117196366
0.9608877	0.151093
0.9609473	0.048703387
0.96096575	0.0765654
0.9609842	0.09648283
0.96102285	0.060999796
0.9610411	0.05481425
0.9610187	0.13597153
0.96099645	0.12477642
0.9610348	0.064543374
0.9609924	0.110922344
0.9610507	0.060683966
0.9610486	0.092199504
0.9610465	0.06920126
0.96108437	0.12576507
0.9611021	0.09229641
0.96113974	0.07748007
0.961058	0.14633858
0.9611352	0.014711496
0.9611132	0.11613096
0.96113074	0.058261327
0.9611482	0.08128891
0.96114594	0.06905695
0.96118295	0.06659993
0.9612198	0.070613615
0.9612174	0.11496991
0.96123457	0.073887035
0.9612322	0.108301036
0.9612686	0.06436478
0.9612856	0.08461462
0.9613218	0.06888976
0.9613386	0.08528671
0.9613745	0.084340766
0.9614104	0.055410247
0.9614269	0.087014645
0.96136665	0.14779738
0.9614023	0.05396436
0.96141875	0.12894608
0.96135885	0.14126779
0.9613753	0.09179225
0.9613727	0.096227385
0.96140796	0.10408704
0.96142423	0.073390365
0.96140265	0.12036991
0.9614377	0.058534678
0.9614538	0.08502738
0.9615074	0.044685245
0.9615608	0.054575734
0.9615766	0.08799295
0.9615363	0.12630635
0.96158934	0.039371848
0.9614934	0.13067585
0.9615463	0.03615681
0.961562	0.06998566
0.9615406	0.13097176
0.9615747	0.08070153
0.96160865	0.0479182
0.96160567	0.07946765
0.96160275	0.07799664
0.96159977	0.11114675
0.96161515	0.06591468
0.9615757	0.093001395
0.9614999	0.14903206
0.96147895	0.15503833
0.96147627	0.09078713
0.9615099	0.061150674
0.961489	0.13960077
0.9614141	0.24842258
0.9614296	0.07133798
0.961481	0.048611917
0.9614963	0.066410124
0.9614577	0.10797229
0.96147305	0.11735183
0.96143466	0.12855674
0.9614678	0.053719893
0.96150076	0.07068209
0.9615159	0.074541
0.96149546	0.09897015
0.96154594	0.038702317
0.9615609	0.058444716
0.96159345	0.048674755
0.9615554	0.12190498
0.96157026	0.10583196
0.96154994	0.09130417
0.9615823	0.06600684
0.9616145	0.04964917
0.96162915	0.10272293
0.9615914	0.14647864
0.9616583	0.027944414
0.9616728	0.05934378
0.96166986	0.138422
0.96173626	0.032484785
0.96169865	0.102515705
0.961713	0.14069007
0.9616928	0.14484209
0.96163833	0.15474056
0.96161836	0.11152802
0.9615813	0.17672318
0.9615615	0.14632776
0.9615759	0.062758096
0.96164143	0.06347838
0.9616556	0.05362968
0.9616528	0.08307576
0.961667	0.09575305
0.961715	0.04954612
0.96166134	0.17962687
0.96159106	0.17114778
0.9615884	0.1361567
0.9616025	0.07987894
0.961583	0.101184994
0.96151334	0.17556478
0.961494	0.08677374
0.9614915	0.16051032
0.9615058	0.09097641
0.9614866	0.12038339
0.9614675	0.15223698
0.96151483	0.034579277
0.9615123	0.07765312
0.9615264	0.07110835
0.96155685	0.08215604
0.9615708	0.097807795
0.9615847	0.100823805
0.96158206	0.0731106
0.9616123	0.07044762
0.961626	0.18725826
0.9616561	0.07869486
0.96165335	0.0769089
0.9616833	0.059112463
0.961648	0.16377445
0.9616128	0.122704715
0.961594	0.09596382
0.9615914	0.08961643
0.9615888	0.078564934
0.96161854	0.04088942
0.9616159	0.06622656
0.9616616	0.052848734
0.96161073	0.10165472
0.9616242	0.08218479
0.9616216	0.09801827
0.96166694	0.056787785
0.96168023	0.08384636
0.96170944	0.09199983
0.9617226	0.08677997
0.96167225	0.11717234
0.96170133	0.06986632
0.96171445	0.08120742
0.96172756	0.07051499
0.961709	0.10636582
0.9616906	0.14892265
0.9616879	0.11441841
0.96166956	0.12610792
0.9616983	0.053211756
0.9616957	0.07555255
0.961693	0.072209686
0.96169037	0.09181219
0.9616566	0.122772425
0.9616073	0.12816694
0.9616048	0.10397995
0.9615558	0.13411817
0.9615224	0.13990514
0.96156645	0.026230857
0.9615949	0.046705313
0.96162325	0.055032283
0.96160537	0.1479153
0.961649	0.03654078
0.9616158	0.15219083
0.961598	0.10844472
0.9616262	0.06488285
0.9616542	0.049662102
0.9616517	0.1352964
0.96167964	0.08228762
0.9616923	0.06491277
0.9616897	0.17004265
0.96168715	0.12413052
0.9616543	0.11128491
0.9616821	0.055739116
0.9617097	0.11929693
0.9617373	0.057585813
0.96173465	0.16621855
0.96173203	0.14758761
0.96175945	0.13420957
0.9617868	0.053332023
0.9617093	0.18801126
0.96170676	0.12552893
0.9617042	0.09657295
0.9617315	0.09403141
0.9617289	0.15645519
0.96171147	0.10055808
0.96170896	0.103099674
0.9617064	0.08529664
0.9617039	0.085275985
0.9617014	0.14598972
0.96172833	0.067777224
0.9617405	0.07809163
0.96173793	0.08716894
0.9617941	0.039194103
0.96183544	0.049972635
0.96186197	0.066222034
0.9618739	0.064817525
0.9618128	0.14266323
0.96183926	0.073497646
0.9618948	0.034211095
0.96190655	0.083306305
0.9618748	0.12890884
0.9618576	0.1083027
0.96185493	0.08615739
0.9618811	0.0732964
0.9618063	0.17021938
0.96180373	0.08534482
0.9618011	0.10650266
0.96185595	0.02328316
0.96186763	0.09492092
0.96187925	0.06873571
0.96186227	0.09941748
0.9618311	0.12556979
0.9618142	0.08575541
0.9618401	0.083550386
0.96188015	0.070564024
0.9618633	0.081167765
0.9618606	0.07786589
0.9619005	0.05147196
0.96194017	0.064484365
0.96195155	0.11536043
0.9619488	0.09862512
0.96196014	0.087996
0.96195734	0.08900197
0.96199673	0.04055101
0.96200794	0.10260697
0.9620331	0.07107835
0.9620163	0.14177848
0.96199954	0.079933435
0.9620385	0.047701403
0.9620496	0.06315398
0.9620746	0.0648533
0.96203005	0.18656184
0.9620411	0.07911846
0.9620383	0.09966124
0.96202165	0.10148301
0.96201885	0.10270091
0.9620299	0.063488066
0.96204084	0.104438506
0.9620243	0.1417131
0.96203524	0.09311217
0.9619776	0.16525106
0.9619475	0.08109088
0.9619585	0.066214755
0.9619422	0.114641845
0.9619123	0.12205805
0.961828	0.24053334
0.9618119	0.09808192
0.96180946	0.14849262
0.9617935	0.12754744
0.96180457	0.0735735
0.9618292	0.040580053
0.9618402	0.06627037
0.9617973	0.16154736
0.96179485	0.09068965
0.9617924	0.111740015
0.9618169	0.043894276
0.96178764	0.105999954
0.9617986	0.100549586
0.9617962	0.10000167
0.96179384	0.09543278
0.96183145	0.04490409
0.961829	0.08124119
0.9618665	0.04549921
0.961864	0.08674792
0.9618881	0.08785977
0.9618988	0.08604935
0.96192276	0.06671357
0.96193343	0.067810506
0.9619177	0.16431613
0.9618888	0.10342887
0.9618732	0.06867971
0.9619233	0.03298708
0.9619339	0.050576415
0.9619051	0.17077814
0.96191573	0.050880007
0.9619394	0.057130113
0.96194994	0.09327717
0.96196043	0.07317075
0.9619318	0.2419147
0.96191627	0.08637903
0.9619138	0.110256046
0.9619243	0.10502636
0.9618959	0.1574178
0.96189344	0.11035198
0.961891	0.07348986
0.9618756	0.09904656
0.9618732	0.11528912
0.96189654	0.089735635
0.96194553	0.026409905
0.9619944	0.031081736
0.96203035	0.026817018
0.9620149	0.101860754
0.96202517	0.07434705
0.9620609	0.051775724
0.9620455	0.096257575
0.9620302	0.12550642
0.9620021	0.10365117
0.96197414	0.10661071
0.96193355	0.1397218
0.9619311	0.07844226
0.96196663	0.03191712
0.9620021	0.04578819
0.9619364	0.19860256
0.96192133	0.099901736
0.96191895	0.07283157
0.9619291	0.08963335
0.96188897	0.18215519
0.961874	0.12135727
0.9619093	0.042844877
0.9619069	0.13068394
0.9618795	0.109994024
0.96186465	0.10137537
0.96187484	0.08376009
0.96189743	0.046966635
0.96189505	0.077572614
0.96189266	0.1265134
0.9618407	0.15759414
0.9618508	0.09353628
0.9618733	0.06279127
0.96187097	0.14016014
0.9619057	0.03890784
0.961928	0.080909565
0.961901	0.13970672
0.9619233	0.08140684
0.9619332	0.07224812
0.96190625	0.19513267
0.96187943	0.10875854
0.9618404	0.119405344
0.9618259	0.103157856
0.9617748	0.17722729
0.96178484	0.0835572
0.9617705	0.1305129
0.9617805	0.074035674
0.9617905	0.07823943
0.9618126	0.050976068
0.9618104	0.09186544
0.96184456	0.062590204
0.9618423	0.09339793
0.9618401	0.12949446
0.961862	0.08179743
0.9618236	0.14770968
0.9618214	0.12312275
0.9618312	0.09339035
0.9618531	0.12575856
0.9618628	0.05895554
0.9618606	0.1261065
0.9618584	0.081890196
0.9618442	0.111191966
0.9618539	0.10221928
0.9618398	0.10589115
0.96187335	0.055572107
0.9618473	0.096690424
0.9618689	0.07119305
0.9618548	0.109652065
0.96187633	0.06723115
0.9618859	0.06389525
0.9619073	0.043613892
0.9619523	0.027858775
0.96198547	0.043805826
0.9619949	0.08750043
0.96202785	0.04595312
0.9620372	0.062852226
0.9619996	0.18294555
0.9619738	0.11258313
0.96194804	0.19765635
0.96192235	0.12084644
0.96192014	0.08830601
0.96194124	0.08265516
0.961939	0.09572601
0.96196	0.068812765
0.9618996	0.149538
0.96192056	0.09425405
0.96188354	0.1734502
0.9619045	0.051667638
0.96191394	0.08513647
0.9619348	0.051057376
0.9619326	0.11348582
0.96195346	0.06904257
0.96198577	0.042734995
0.961995	0.112647705
0.9619927	0.0829599
0.96196747	0.16099434
0.9619537	0.2087163
0.9619515	0.08577011
0.9619607	0.07903281
0.96195847	0.06779069
0.9619334	0.16816694
0.961954	0.08254362
0.96189475	0.19137125
0.9618926	0.08740663
0.9618791	0.119397976
0.9618883	0.073005036
0.96187484	0.108300954
0.961884	0.0641671
0.9618932	0.10507968
0.9618911	0.1034783
0.96187764	0.117774054
0.9618868	0.07221856
0.9619185	0.043486744
0.9619276	0.08566628
0.96193665	0.07821334
0.9619345	0.089803495
0.9619323	0.13045353
0.96190774	0.092529014
0.9619168	0.0614461
0.9618811	0.19215244
0.9619125	0.042796303
0.9619216	0.07571034
0.96194166	0.060823187
0.9619395	0.120807886
0.9619596	0.07083859
0.96192414	0.20770563
0.9618998	0.16063313
0.96187556	0.12850316
0.9618513	0.20057346
0.96183825	0.15128899
0.96182513	0.18440545
0.9618121	0.1400465
0.96182114	0.12272601
0.96183014	0.07844049
0.96183914	0.058646318
0.96185905	0.060119435
0.961868	0.11359945
0.96187687	0.057970453
0.9618858	0.07654118
0.96186185	0.10035157
0.9618489	0.09486415
0.9618251	0.09573893
0.9618231	0.069303334
0.96184283	0.08192689
0.96184087	0.11718325
0.9618823	0.036977362
0.96190196	0.07828528
0.96187824	0.116216615
0.9618329	0.17614605
0.96185255	0.07759679
0.9618613	0.14415458
0.9618917	0.0664867
0.9619005	0.1067778
0.9618661	0.1309601
0.9618318	0.13106859
0.96185136	0.050236836
0.96184933	0.087971486
0.9618581	0.05243426
0.9618133	0.114159696
0.9617685	0.12857859
0.96179867	0.053779367
0.9617754	0.14255922
0.96176285	0.08379525
0.9617716	0.04200475
0.96179104	0.03920686
0.96178913	0.12312045
0.96179783	0.07264251
0.96181715	0.06687079
0.9618046	0.112778656
0.9617921	0.08654066
0.9617691	0.11008508
0.9617672	0.106842116
0.96176535	0.1026657
0.96180564	0.048599195
0.9618354	0.050285567
0.96184397	0.07485223
0.9618525	0.06839208
0.96187156	0.0740767
0.9618696	0.080367714
0.9618781	0.080220796
0.96184474	0.17517997
0.9618324	0.12659463
0.9618096	0.1486492
0.96182853	0.046748042
0.9618266	0.11839427
0.9617831	0.15876272
0.96179163	0.07233907
0.9617898	0.09126302
0.9618087	0.047209207
0.96180683	0.13397695
0.9617635	0.14315191
0.9617927	0.047198262
0.96178055	0.10866761
0.9618097	0.04042907
0.9617975	0.10740772
0.96181625	0.0549652
0.96183497	0.068535075
0.96179193	0.18696089
0.9618004	0.07451904
0.96176773	0.19512254
0.9617967	0.045314126
0.9618051	0.095912956
0.96181345	0.14601961
0.96182185	0.06369138
0.96178937	0.16861139
0.9618079	0.06248074
0.96180606	0.09190421
0.9618043	0.086849496
0.9617719	0.13611548
0.96176	0.08971687
0.9617582	0.10516057
0.96173614	0.12258014
0.9617749	0.034314618
0.96175283	0.17744875
0.96172076	0.15537496
0.96171904	0.10564879
0.9617274	0.0905436
0.96170545	0.13236588
0.9616534	0.14919452
0.96165174	0.09116003
0.9616702	0.052746125
0.96170866	0.04572589
0.96170694	0.11423145
0.9617153	0.13308063
0.9617335	0.04350648
0.9617618	0.056411434
0.96176004	0.07316218
0.96175826	0.085274555
0.9617565	0.074243985
0.9617747	0.056308698
0.9618028	0.035757996
0.961801	0.074739
0.96181905	0.057732332
0.96178746	0.16190359
0.9617956	0.06606422
0.96179384	0.07666438
0.96181184	0.07819473
0.96181005	0.09374891
0.96177864	0.1189659
0.9617671	0.08162563
0.9617456	0.15743238
0.9617537	0.0684044
0.961752	0.12331565
0.96175027	0.12165191
0.9617486	0.097064234
0.96172726	0.10920535
0.9617256	0.08948571
0.96169454	0.18514799
0.96169287	0.06832367
0.9616717	0.10326689
0.9616701	0.16006015
0.9616587	0.15941614
0.9616474	0.10197315
0.9616458	0.12927584
0.9616636	0.08880964
0.9616814	0.05501486
0.9616895	0.06424012
0.9617072	0.07263899
0.9617152	0.09165443
0.9617426	0.039232504
0.9617312	0.097629555
0.96174884	0.08188516
0.9617664	0.06754532
0.9617551	0.0879505
0.9617438	0.12404622
0.9617325	0.13506518
0.96175003	0.077723265
0.96175796	0.055052504
0.961785	0.036342632
0.961812	0.043976318
0.9618294	0.049195763
0.96185637	0.037200898
0.9618641	0.07380684
0.9618337	0.14245556
0.9618701	0.046875987
0.96186835	0.086091146
0.9618856	0.064071566
0.9618838	0.0858185
0.96190095	0.04687099
0.96190864	0.0840476
0.9618784	0.1436001
0.96187663	0.12771842
0.9618654	0.08055869
0.96186364	0.09197855
0.96189964	0.02966428
0.9619167	0.066573575
0.9619149	0.08235493
0.9619225	0.059611283
0.9619395	0.048894506
0.96193767	0.09974811
0.96192646	0.099272385
0.9619247	0.11453649
0.9619416	0.069185086
0.96191174	0.15907711
0.9619006	0.07004788
0.96191746	0.07154912
0.9619157	0.10372212
0.9619139	0.09596122
0.9619121	0.088698454
0.96190107	0.09480387
0.9619086	0.07331903
0.96187896	0.14687279
0.9618215	0.18642448
0.96183836	0.08700765
0.96181816	0.13747466
0.9617794	0.15860394
0.96176857	0.08323009
0.9617854	0.07092756
0.9617745	0.11666652
0.96179134	0.060835578
0.96177125	0.113784574
0.961788	0.058105454
0.96177715	0.10390247
0.96177554	0.085828036
0.96176475	0.119912885
0.96176314	0.09326585
0.96177983	0.058613934
0.96180564	0.058027368
0.96177655	0.20425612
0.96178406	0.06645825
0.9617551	0.18338454
0.9617535	0.12338131
0.9617245	0.1866447
0.96172297	0.07792193
0.9616941	0.1330575
0.9617198	0.04582873
0.9617274	0.10023249
0.961753	0.04124161
0.96174234	0.09971543
0.9617408	0.112584285
0.9617301	0.115616284
0.96174663	0.07061585
0.96177214	0.04291769
0.9617886	0.04542382
0.961778	0.13786207
0.9617494	0.1444269
0.96177477	0.05964167
0.9617552	0.12051688
0.9617806	0.060048506
0.961779	0.06889754
0.9618043	0.059336506
0.96180266	0.10856762
0.96181893	0.06750305
0.9618084	0.12506533
0.96179783	0.15902267
0.9618141	0.08888555
0.96181244	0.12195591
0.9618108	0.09098854
0.96182704	0.045514345
0.9618076	0.10692078
0.9617971	0.10339674
0.96179557	0.081849515
0.96179396	0.110855445
0.96181893	0.072997294
0.9618173	0.11124263
0.9617715	0.26455554
0.9617434	0.1778542
0.9617507	0.105337664
0.9617403	0.103661515
0.9617388	0.09746974
0.9617461	0.07352902
0.96172696	0.15462676
0.96173424	0.07773511
0.9616976	0.16357192
0.9616961	0.082351826
0.96170336	0.12107518
0.9616931	0.10459209
0.9616916	0.094362594
0.9616901	0.066101596
0.9616712	0.18243332
0.9616523	0.1119614
0.96165955	0.09589119
0.9616668	0.060203854
0.9616915	0.04420902
0.9616987	0.08586235
0.9616799	0.109986365
0.96165234	0.14637326
0.96163356	0.12046793
0.9615888	0.12276493
0.9616134	0.04339251
0.96162933	0.061471973
0.9616538	0.06987839
0.9616524	0.11821563
0.96166825	0.0822711
0.9616927	0.023996506
0.96169126	0.08741806
0.9616898	0.14247419
0.96165395	0.18198846
0.9616353	0.17021868
0.9616339	0.108664304
0.9616239	0.11303031
0.9616397	0.05121356
0.96164685	0.06882907
0.9616454	0.09733725
0.9616611	0.07221631
0.96165115	0.15062198
0.9616583	0.054637466
0.9616739	0.062414575
0.96166396	0.16162866
0.96167105	0.08499397
0.96170366	0.036490493
0.96166825	0.16276714
0.9616923	0.040730823
0.96169084	0.11120703
0.96168095	0.08923407
0.96169645	0.0723723
0.96168655	0.1214778
0.9617105	0.060406618
0.9617091	0.07889532
0.96171606	0.075668685
0.9617146	0.06890628
0.9617132	0.07055086
0.9617033	0.12331679
0.9617103	0.06336327
0.96170044	0.10596511
0.961699	0.10119631
0.9616808	0.09165903
0.96166265	0.08284277
0.96167797	0.0870224
0.96169335	0.047630344
0.9616836	0.12903197
0.9616905	0.059771203
0.9616891	0.07347658
0.96166265	0.17674433
0.9616696	0.06455362
0.9616849	0.05347264
0.96168345	0.097798385
0.96166545	0.14762625
0.961689	0.058121286
0.9616793	0.10276448
0.9616447	0.13001627
0.96164334	0.0715679
0.9616337	0.10946358
0.9616241	0.12429017
0.9616393	0.0411324
0.96164614	0.085585594
0.96165305	0.06281243
0.96162695	0.15164949
0.96162564	0.07222189
0.96162426	0.13833702
0.9616312	0.07479798
0.9616216	0.08939683
0.96161205	0.10217425
0.96161073	0.1500637
0.96161765	0.0652108
0.9616081	0.16311316
0.9616395	0.03324235
0.96163	0.17032221
0.961645	0.07469815
0.96163553	0.15799646
0.96163416	0.12686962
0.9616247	0.08248908
0.9616234	0.092724465
0.9615976	0.14236657
0.9615638	0.14023872
0.9615707	0.07201626
0.96158564	0.11393594
0.9615843	0.110178396
0.9615425	0.19226736
0.9615332	0.16208704
0.9615157	0.17785631
0.9615226	0.07939867
0.96152943	0.06705191
0.96152824	0.16793838
0.961527	0.100761786
0.96152574	0.11190033
0.96151644	0.09844153
0.96149915	0.119128935
0.96152204	0.04344159
0.96154493	0.033587813
0.9615517	0.06875505
0.9615425	0.10443426
0.9615492	0.08553648
0.961556	0.08213415
0.9615708	0.052929997
0.96157753	0.06407131
0.9615683	0.08996718
0.9615191	0.216741
0.9615498	0.01833202
0.96152467	0.15195063
0.9615155	0.14161569
0.9615143	0.05867807
0.9615051	0.13239707
0.9614801	0.16043267
0.9614789	0.10748878
0.9614936	0.10215309
0.9614528	0.15810078
0.9614358	0.1562088
0.96143466	0.118434705
0.9614652	0.03374864
0.9614561	0.11882561
0.9614549	0.103866056
0.9614696	0.07500477
0.96149206	0.056269072
0.96149087	0.08306064
0.9614976	0.085103534
0.9614964	0.067684434
0.9614952	0.08853836
0.96150976	0.07589231
0.96150076	0.11602832
0.96151525	0.048547793
0.96151406	0.119525366
0.9614972	0.10043423
0.96149606	0.1178834
0.9615105	0.062488366
0.96150935	0.07341994
0.9615238	0.034499887
0.96149915	0.1998311
0.9615136	0.061122574
0.9614891	0.16144425
0.9614957	0.097431175
0.96148676	0.13692361
0.9614778	0.14502126
0.9614922	0.0684858
0.96149105	0.1368237
0.96148986	0.08519474
0.9614732	0.20352286
0.96149534	0.05690522
0.9615019	0.079169035
0.9615239	0.060441766
0.961515	0.09350498
0.96152925	0.16964461
0.9615358	0.07289861
0.9615577	0.08557324
0.96152574	0.20238224
0.9615399	0.057969104
0.96153873	0.090564795
0.9615529	0.040125683
0.9615364	0.17085251
0.9615122	0.109058596
0.9615111	0.1281158
0.9615252	0.08312651
0.9615011	0.14722356
0.9614999	0.08683343
0.9614683	0.15197554
0.9614595	0.15612608
0.96143556	0.18203901
0.96144205	0.06338502
0.9614181	0.15223767
0.96142465	0.12618455
0.9614084	0.17122273
0.9614073	0.11815036
0.9614138	0.07677654
0.9614127	0.0807553
0.96141165	0.10261336
0.9614106	0.096720725
0.96142465	0.05402839
0.96143115	0.08513646
0.96144515	0.0792789
0.9614441	0.1320653
0.9614581	0.12617661
0.9614645	0.10500906
0.9614785	0.045502827
0.9614849	0.07457083
0.9614913	0.078827925
0.96148264	0.096945785
0.96145904	0.19538505
0.9614654	0.08159406
0.96146435	0.11742748
0.96145576	0.11516972
0.96146965	0.094473526
0.9614835	0.059864953
0.96148986	0.121682346
0.9614738	0.14468816
0.9614951	0.0430657
0.9615015	0.08532366
0.9615078	0.074019805
0.9614992	0.14743549
0.96152043	0.07831098
0.96151185	0.08956596
0.96151817	0.09755833
0.96151704	0.11261486
0.96152335	0.07579786
0.9615074	0.13873428
0.9615211	0.06980901
0.9615051	0.09456076
0.96149665	0.12370039
0.9614955	0.07425324
0.96149445	0.116557896
0.9615155	0.03479185
0.96152174	0.10217342
0.96152794	0.072999135
0.96149737	0.1644089
0.9614963	0.11110032
0.9614731	0.1367317
0.96147203	0.14600831
0.96146363	0.10886997
0.96145517	0.12039933
0.9614615	0.08697715
0.9614531	0.10083671
0.96146667	0.10034012
0.9614802	0.096596405
0.9614791	0.11052337
0.9614707	0.15874729
0.96146965	0.14346012
0.9614832	0.067406684
0.96146023	0.1519207
0.9614373	0.124211475
0.96144354	0.096913815
0.9614279	0.113133326
0.9614124	0.14705347
0.96141857	0.06410189
0.9614248	0.09011447
0.9614238	0.13705303
0.96143	0.11788031
0.961429	0.069076225
0.9614207	0.103278026
0.96141243	0.123930044
0.9614042	0.12448832
0.961396	0.13592678
0.96139497	0.12072222
0.96138674	0.12765674
0.9613785	0.14773077
0.96137756	0.103002556
0.96134776	0.15354024
0.9613396	0.109023064
0.9613458	0.07827589
0.9613377	0.095298156
0.9613295	0.17131104
0.96132857	0.10232462
0.9613276	0.09742741
0.9613195	0.07358405
0.9613114	0.090885095
0.9613105	0.09589222
0.9613381	0.02877919
0.9613443	0.05525576
0.9613576	0.07181254
0.9613709	0.08752165
0.96136993	0.085682064
0.961369	0.092195295
0.9613538	0.13812152
0.9613315	0.18694317
0.9613518	0.064823404
0.96134377	0.086050615
0.9613357	0.14963669
0.9613277	0.09134802
0.9613055	0.10880202
0.96130455	0.094912246
0.96130365	0.10030862
0.9613239	0.050932392
0.96133006	0.051480107
0.96131504	0.18996352
0.96130705	0.14070627
0.9613061	0.10897751
0.9612911	0.11454739
0.9612761	0.17272998
0.9612682	0.11116682
0.9612743	0.08646824
0.96127343	0.10177704
0.96124446	0.18400082
0.9612576	0.08395315
0.9612357	0.13258068
0.9612348	0.074625224
0.961234	0.12743662
0.9612331	0.15347475
0.9612392	0.112343214
0.9612384	0.13590795
0.9612305	0.12396163
0.96121573	0.12256462
0.96120787	0.22953679
0.9611862	0.13451183
0.96118534	0.08321404
0.9611915	0.102694094
0.96119756	0.07868402
0.96121067	0.0550229
0.96120286	0.110672615
0.96120894	0.07549003
0.9611804	0.14901944
0.9611865	0.12093831
0.9611788	0.15155512
0.96117795	0.10621463
0.96119094	0.051612977
0.96120393	0.088098764
0.9611824	0.13599162
0.9611885	0.10725964
0.96118766	0.08154831
0.96117306	0.086278915
0.9611585	0.12835117
0.9611577	0.13435411
0.96116376	0.10507128
0.9611492	0.10575101
0.9611416	0.10875786
0.9611408	0.12619866
0.96115375	0.07870929
0.9611461	0.118585885
0.9611248	0.17322147
0.9611445	0.05169886
0.9611369	0.14661266
0.9611498	0.077697605
0.9611422	0.09644985
0.9611414	0.07398784
0.9611611	0.07117501
0.9611739	0.041287586
0.9611663	0.11595226
0.9611519	0.11790486
0.9611443	0.14505261
0.96117073	0.03880656
0.9611767	0.082011506
0.9611623	0.11318843
0.96115476	0.12669921
0.9611676	0.06716988
0.9611803	0.04723823
0.9611795	0.114308745
0.961199	0.036437582
0.96120495	0.092420414
0.96121764	0.052496508
0.9612168	0.08806836
0.96120924	0.14036766
0.9612354	0.030739795
0.96122783	0.10754752
0.961227	0.12636387
0.96122617	0.08498586
0.9612388	0.061697513
0.9612447	0.07779015
0.9612573	0.045765713
0.9612631	0.09040098
0.9612623	0.098882526
0.9612548	0.1329292
0.9612539	0.08951263
0.9612397	0.12490566
0.9612121	0.15334754
0.9612113	0.10785167
0.96122384	0.040772587
0.96124303	0.05138697
0.96125555	0.06878854
0.9612547	0.10311851
0.9612539	0.09466755
0.96125305	0.087968044
0.9612589	0.07221573
0.96125805	0.109038904
0.9612572	0.08273173
0.961263	0.067300424
0.9612688	0.09972235
0.96126795	0.074690886
0.96124727	0.15964974
0.9612729	0.019745898
0.96126544	0.11788717
0.9612712	0.0760278
0.9612638	0.14555678
0.96128273	0.025614405
0.9612885	0.09335372
0.96127445	0.121151865
0.9612736	0.13563304
0.9612596	0.14350961
0.9612654	0.055573042
0.9612711	0.066743515
0.9612571	0.12511845
0.9612235	0.138402
0.96120954	0.17480126
0.96122843	0.05772865
0.96123415	0.08232464
0.96124643	0.060261976
0.96124566	0.08715241
0.96126443	0.043070287
0.96127015	0.07675648
0.96125627	0.105684645
0.96125543	0.10037631
0.96126765	0.06243319
0.9612734	0.07568915
0.96127903	0.13597225
0.9612782	0.1594495
0.9612514	0.13955685
0.96126354	0.078660086
0.9612627	0.2000482
0.96125543	0.11173561
0.9612546	0.1522978
0.96127325	0.03230256
0.9612724	0.08722841
0.961291	0.057298034
0.96128374	0.09539864
0.96127	0.12992978
0.9612562	0.122670956
0.9612166	0.21080883
0.96120936	0.096645296
0.9611892	0.19892935
0.9611691	0.2165785
0.9611813	0.077090375
0.9611805	0.09271343
0.961154	0.13079521
0.96117896	0.03367732
0.9611718	0.18344653
0.96117103	0.07540351
0.9611639	0.11918888
0.9611503	0.181608
0.9611367	0.13069992
0.9611488	0.09522996
0.9611481	0.088894404
0.96115375	0.055431522
0.9611658	0.06446361
0.96115863	0.09631483
0.9611579	0.15985772
0.96116996	0.0690611
0.96118194	0.078465775
0.96120036	0.06620557
0.9611996	0.08870745
0.9611988	0.13060911
0.96118534	0.13370788
0.9611655	0.16705303
0.961152	0.12984203
0.9611449	0.11171469
0.9611569	0.0550913
0.9611562	0.13723893
0.9611745	0.053520355
0.9611547	0.1444087
0.96113497	0.14945747
0.9611153	0.15310909
0.9611209	0.099375814
0.9611265	0.111058876
0.96115106	0.030588176
0.96115035	0.07676713
0.9611622	0.049329337
0.9611678	0.07550324
0.9611608	0.10987584
0.96115375	0.10823084
0.96117187	0.06453174
0.9611586	0.09250328
0.96117043	0.092371814
0.961176	0.10182909
0.9611815	0.049011167
0.96118075	0.10298351
0.96119255	0.06533579
0.96117926	0.11380435
0.9611973	0.07678249
0.96119654	0.121459395
0.96120834	0.05295232
0.9612138	0.06888402
0.96121305	0.07987435
0.96121854	0.06676
0.96121776	0.089028426
0.9612046	0.14412954
0.96122247	0.055401072
0.9612404	0.038360957
0.9612521	0.06768954
0.9612264	0.1672995
0.96121323	0.11134035
0.96118766	0.14900586
0.96119934	0.06669717
0.96119857	0.074355036
0.96117926	0.16399679
0.9611909	0.03018543
0.96119636	0.06322462
0.96118945	0.13968037
0.9612134	0.03987282
0.9612065	0.09444445
0.9612058	0.09178761
0.96121734	0.06846452
0.9612289	0.055838738
0.9612282	0.07556785
0.9612213	0.13116798
0.96122664	0.087166175
0.9612382	0.055600286
0.96123743	0.09770588
0.9612244	0.17379917
0.9612175	0.10297397
0.9612106	0.18190308
0.9612283	0.05761688
0.9612398	0.08846984
0.96125126	0.059090357
0.9612505	0.1255714
0.961262	0.054762088
0.9612612	0.099561214
0.9612666	0.07243358
0.9612841	0.072739065
0.9612772	0.1258074
0.96128255	0.06377464
0.96128786	0.09308516
0.9612871	0.08317488
0.9612863	0.10333597
0.9612794	0.09280868
0.9612847	0.0700603
0.9612839	0.13169652
0.9612892	0.06637292
0.9613006	0.1061302
0.9612998	0.088377364
0.9613051	0.090891734
0.96130425	0.10039368
0.96130955	0.11036422
0.9613148	0.076762125
0.96133214	0.048298847
0.96133137	0.09532782
0.9613245	0.09516102
0.9613056	0.13283086
0.96129274	0.18796013
0.96129197	0.10704426
0.9612852	0.12912674
0.9612784	0.13560338
0.9612535	0.13938402
0.9612648	0.05559154
0.9612821	0.06990121
0.9612993	0.060570408
0.9612805	0.1136679
0.96127975	0.10658327
0.96129096	0.056352407
0.9612962	0.07755112
0.9613074	0.05967925
0.9613006	0.10423845
0.9613118	0.090857685
0.961323	0.054209538
0.9613401	0.059737034
0.9613513	0.09823544
0.96135646	0.062479276
0.9613556	0.16283627
0.96134883	0.16483441
0.96133614	0.13851123
0.9613294	0.08900407
0.9613286	0.09768387
0.9613278	0.13295631
0.9613508	0.023168162
0.9613619	0.056027874
0.9613492	0.11132444
0.9613484	0.112959564
0.9613713	0.035312213
0.9613823	0.087494515
0.9613815	0.08415237
0.9613866	0.0771136
0.9613858	0.09795516
0.9613909	0.057346784
0.9614078	0.05013621
0.96140695	0.08315584
0.9613884	0.14570776
0.96137583	0.123396836
0.9613986	0.035864826
0.96139187	0.13423842
0.96139103	0.09302204
0.9613961	0.07189818
0.96140116	0.10874265
0.96140623	0.06866518
0.9614054	0.093307465
0.96140456	0.08323514
0.9614037	0.10984383
0.96140295	0.07810274
0.96142554	0.019693226
0.9614013	0.20815109
0.96140635	0.07350975
0.9613938	0.18841834
0.9614105	0.04050366
0.9614272	0.026280172
0.9614264	0.11024107
0.96142554	0.07207252
0.9614247	0.12165914
0.9614414	0.051436216
0.96144634	0.13225262
0.9614572	0.048028145
0.9614563	0.07983971
0.9614729	0.07308559
0.96149534	0.04997506
0.96148866	0.17271926
0.96148777	0.109178826
0.9614927	0.08435069
0.9614745	0.1349015
0.9614736	0.0729702
0.96147853	0.08499026
0.9614777	0.095583774
0.9614826	0.07771526
0.9614991	0.07693413
0.9614925	0.09972187
0.96149737	0.06446866
0.96150804	0.07227483
0.96148413	0.15388975
0.96147174	0.16900326
0.9614881	0.0445004
0.9614815	0.12742521
0.9614922	0.048324022
0.96148556	0.1477665
0.961479	0.103617296
0.9614839	0.064945884
0.9614888	0.060350277
0.9614937	0.08316143
0.96148705	0.14638858
0.96150917	0.034203887
0.96152544	0.050866827
0.96153605	0.057741933
0.9615409	0.07564215
0.9615457	0.0837311
0.9615448	0.100884706
0.96154964	0.07320445
0.9615602	0.052696265
0.961565	0.066639215
0.96158123	0.04120649
0.96159744	0.036146566
0.9616193	0.030616606
0.9616241	0.06529781
0.96162313	0.099363945
0.9616336	0.08863743
0.9616554	0.0343528
0.9616658	0.0838149
0.96166486	0.105060555
0.96166396	0.120562404
0.96166867	0.0915825
0.9616564	0.11313425
0.96166676	0.03495997
0.9616828	0.039619125
0.9616875	0.07378625
0.9616922	0.058671623
0.9617026	0.03939943
0.9617129	0.06322164
0.961695	0.16883591
0.9616884	0.10302063
0.9616818	0.1128132
0.9616808	0.10472377
0.96167994	0.09308927
0.961679	0.10841315
0.96168363	0.08360714
0.9616715	0.15428632
0.96165925	0.16695093
0.9616471	0.12470712
0.9616406	0.1876972
0.96162844	0.12041998
0.96163875	0.09244867
0.9616378	0.10417103
0.9616369	0.111075856
0.961636	0.09704575
0.96164626	0.049033936
0.96164536	0.07574302
0.96166116	0.0346224
0.961677	0.050063487
0.96167606	0.088986404
0.9616807	0.08661807
0.9616742	0.08412632
0.96169	0.068384856
0.9616946	0.07923311
0.9616881	0.15202118
0.96168715	0.14867052
0.96166396	0.17137799
0.96167415	0.052963752
0.96167326	0.13249895
0.9616834	0.0733307
0.9616936	0.050626043
0.96169263	0.13959762
0.96170276	0.060026094
0.961724	0.02791358
0.961712	0.12766206
0.9617221	0.089999266
0.96171564	0.10335092
0.9617257	0.05763419
0.9617192	0.07644571
0.96172935	0.0590168
0.96172285	0.112141974
0.9617329	0.08631523
0.96172094	0.11728695
0.96172553	0.08211828
0.96171904	0.085210346
0.96171814	0.08824625
0.96170616	0.15035212
0.96171623	0.052808665
0.96172076	0.07684472
0.96173084	0.1402615
0.9617299	0.093337305
0.96172893	0.106741436
0.961717	0.156606
0.9617325	0.062975384
0.96173704	0.08907218
0.96174157	0.07697549
0.9617406	0.077630736
0.96175057	0.041905336
0.9617387	0.14017855
0.96173227	0.12843406
0.9617368	0.105499305
0.96173584	0.14543466
0.9617349	0.09712867
0.9617285	0.14574982
0.961733	0.080560535
0.9617484	0.03551473
0.96173656	0.11571948
0.9617302	0.09508621
0.9617238	0.11955595
0.96172285	0.12046112
0.96172196	0.09166422
0.9616993	0.12564258
0.961693	0.14636374
0.96165955	0.17047709
0.96165323	0.18809003
0.9616415	0.08769016
0.9616406	0.14602408
0.9616451	0.094825365
0.96164423	0.106393345
0.96164334	0.094555706
0.96164787	0.12250598
0.96165776	0.07400527
0.9616461	0.13470894
0.9616506	0.040713247
0.96163356	0.13796352
0.96163267	0.10397233
0.9616318	0.15943027
0.9616363	0.10708772
0.9616354	0.1259685
0.9616399	0.05623843
0.9616175	0.16303104
0.96163815	0.029364819
0.9616158	0.18513006
0.96161497	0.09129264
0.96161944	0.08971222
0.96161324	0.12733212
0.9616017	0.083383106
0.9616008	0.06555636
0.96157855	0.15499906
0.96157235	0.092257634
0.9615822	0.05732571
0.9615707	0.12081324
0.9615752	0.09913342
0.9615637	0.15319969
0.9615629	0.11905697
0.96156204	0.09104413
0.9615665	0.10856607
0.96158695	0.030010775
0.9616021	0.03841489
0.96161187	0.06919315
0.96162164	0.050734594
0.96161544	0.10662233
0.9616146	0.12075391
0.9616137	0.093669266
0.9616341	0.032225452
0.9616438	0.076539606
0.9616376	0.14035374
0.9616368	0.102315776
0.96162003	0.1685019
0.96162444	0.08805649
0.9616289	0.09395115
0.9616439	0.07217958
0.96164304	0.07884106
0.9616527	0.054816656
0.9616571	0.0795967
0.9616615	0.12016594
0.9616606	0.059721306
0.9616703	0.13094689
0.96167994	0.07142579
0.9616843	0.10891751
0.9616834	0.10779547
0.96169305	0.105850756
0.9616974	0.07745284
0.96169126	0.11054935
0.9616851	0.10913721
0.9616685	0.19572408
0.9616729	0.08018695
0.96167725	0.06839972
0.96167636	0.11963853
0.96168596	0.08900034
0.9616798	0.09839869
0.961679	0.06602578
0.9616624	0.14799461
0.9616459	0.14942199
0.96165025	0.092658855
0.9616442	0.11179903
0.9616537	0.044983983
0.9616529	0.09896987
0.961652	0.086186685
0.96166676	0.052271806
0.96166587	0.10377342
0.9616754	0.0654525
0.9616694	0.1688733
0.9616737	0.082248494
0.9616572	0.13713527
0.9616512	0.12488857
0.9616504	0.0899504
0.9616391	0.10431656
0.96164864	0.060970593
0.9616633	0.053618666
0.9616676	0.10857678
0.96166676	0.16718026
0.96166074	0.1602911
0.96167535	0.065106116
0.961659	0.12565205
0.961653	0.085835636
0.9616625	0.066773824
0.96166676	0.09708085
0.9616659	0.079434924
0.96166503	0.12089889
0.9616693	0.14509946
0.9616633	0.082988136
0.9616522	0.1181548
0.9616513	0.07696691
0.9616556	0.1081515
0.96167016	0.04702847
0.9616591	0.14996935
0.96165305	0.14126565
0.9616522	0.118792914
0.9616514	0.06391004
0.9616403	0.13258517
0.96165484	0.07127047
0.9616642	0.080964565
0.96166337	0.08010561
0.9616727	0.0723461
0.9616821	0.051454674
0.9616761	0.14766912
0.96168035	0.0760863
0.9616846	0.092080384
0.96167356	0.15020457
0.9616574	0.13434862
0.96166676	0.06798484
0.96165067	0.18527687
0.96162945	0.12393189
0.96162355	0.116357654
0.9616227	0.10070848
0.9616168	0.09706958
0.9616261	0.05778067
0.9616101	0.12815902
0.9616093	0.10275872
0.9615882	0.14692305
0.96158737	0.09531882
0.9615815	0.11578478
0.9615908	0.06170948
0.961585	0.08324747
0.9615892	0.06547062
0.9615783	0.11260457
0.9615674	0.14766698
0.9615717	0.115745515
0.961581	0.059496365
0.9615852	0.07869176
0.9615693	0.15398642
0.9615836	0.0534349
0.96158284	0.1531755
0.96156186	0.13448805
0.9615611	0.089034185
0.9615402	0.14626145
0.96154946	0.057813145
0.9615437	0.11872625
0.9615429	0.12633939
0.96155214	0.044402722
0.96154636	0.1243218
0.9615456	0.09823441
0.9615448	0.088390626
0.96154904	0.10850433
0.96153826	0.15396066
0.9615375	0.13952832
0.96153176	0.072238795
0.961526	0.114669636
0.9615152	0.14188138
0.9615194	0.08159897
0.96152365	0.062228914
0.9615379	0.045688067
0.9615421	0.068554886
0.9615513	0.08133554
0.9615455	0.12008533
0.96155477	0.09255199
0.96156394	0.051483713
0.9615631	0.09277994
0.96156234	0.070193045
0.96156156	0.10839217
0.9615459	0.121918105
0.96154517	0.099265054
0.9615394	0.14493917
0.9615535	0.060828518
0.96153295	0.15011209
0.9615322	0.12569678
0.9615413	0.056776013
0.9615505	0.06722386
0.9615497	0.102699324
0.96153903	0.12106589
0.9615333	0.1621102
0.96151775	0.1622894
0.961517	0.093357325
0.96151626	0.072491705
0.9615155	0.09934401
0.9615098	0.10080728
0.9615091	0.10337272
0.96150833	0.07796369
0.9614978	0.14488022
0.96150196	0.07482519
0.9615061	0.07587419
0.9614956	0.14483923
0.9615095	0.06317852
0.9615137	0.10711095
0.9615081	0.10078634
0.9615122	0.07519141
0.9615213	0.0682313
0.9615108	0.11427121
0.9615296	0.036262527
0.96152884	0.14566502
0.961533	0.093002945
0.96152246	0.14299309
0.9615364	0.050688747
0.9615503	0.076095626
0.9615495	0.067082666
0.9615439	0.08842921
0.96153826	0.15887013
0.96153265	0.10964318
0.96152216	0.093986034
0.9615214	0.10728227
0.9615304	0.06916726
0.9615297	0.07616141
0.9615289	0.09955412
0.961533	0.11752524
0.9615323	0.15553641
0.96154124	0.114697605
0.96154535	0.057907496
0.96154463	0.09822478
0.96154875	0.08992252
0.961548	0.12196077
0.9615472	0.08231062
0.961561	0.06279354
0.9615651	0.11101759
0.9615837	0.04109427
0.9615878	0.08084139
0.96159667	0.053775698
0.9615959	0.07304069
0.96159995	0.043084994
0.9616088	0.051034763
0.9616177	0.039151557
0.96162176	0.066151574
0.9616306	0.075580984
0.96163464	0.1520191
0.96163386	0.06049046
0.96163785	0.099718064
0.9616371	0.15234777
0.9616459	0.06950452
0.9616451	0.11214727
0.96165395	0.05333016
0.96165794	0.103671044
0.96165717	0.09751823
0.96167076	0.03405286
0.9616699	0.07367348
0.9616835	0.042020477
0.9616779	0.10627678
0.96167237	0.08608574
0.961662	0.18877286
0.96166116	0.15546834
0.9616556	0.13680962
0.96165	0.1522461
0.96166354	0.050989784
0.9616771	0.038595743
0.9616906	0.047477923
0.9616946	0.08346459
0.96169376	0.12519367
0.96169776	0.085885935
0.9617017	0.07089582
0.9617056	0.06066126
0.96170485	0.09337626
0.961685	0.17088169
0.96167946	0.10449947
0.9616834	0.065974645
0.9616968	0.051111974
0.9617008	0.096079856
0.9616905	0.13850251
0.9617039	0.0595667
0.9617031	0.06631405
0.96170706	0.08530243
0.9617252	0.037189636
0.9617338	0.09868448
0.96173775	0.11805275
0.96172744	0.093004234
0.9617219	0.17782459
0.96172583	0.0691455
0.9617439	0.02734142
0.96173364	0.10455301
0.9617375	0.099450454
0.96172255	0.17148888
0.9617217	0.09950221
0.9617115	0.10310057
0.9617013	0.17206363
0.9617052	0.08803923
0.96169966	0.1546451
0.9617036	0.0692355
0.9617216	0.03363877
0.96171606	0.15213877
0.96172	0.06584298
0.96171445	0.16584899
0.96170896	0.092014305
0.96171284	0.06087834
0.9617261	0.053885624
0.96173	0.06643138
0.9617339	0.06744955
0.96175176	0.03865093
0.96173227	0.22679596
0.96174544	0.05095848
0.96174467	0.111898854
0.9617532	0.08472662
0.9617477	0.1596936
0.9617375	0.1392665
0.96172273	0.16226444
0.96173126	0.050570082
0.9617165	0.21606459
0.961725	0.059631422
0.9617288	0.10315636
0.9617327	0.07817066
0.9617412	0.07978951
0.9617357	0.1507317
0.9617442	0.079154484
0.9617434	0.06355717
0.9617472	0.07739092
0.9617557	0.07236162
0.96176416	0.057676014
0.9617541	0.16210118
0.96176255	0.045626365
0.96175706	0.110735275
0.9617563	0.09727617
0.96175545	0.07018812
0.9617685	0.037191752
0.9617631	0.16738361
0.96175766	0.0940917
0.96176606	0.050806895
0.96176064	0.12738813
0.96176445	0.09135475
0.96176827	0.12892237
0.9617767	0.076784074
0.9617804	0.066247314
0.96178883	0.07606357
0.9618064	0.041047517
0.961801	0.10542644
0.9617864	0.16298874
0.96178097	0.15738031
0.96177095	0.17533298
0.9617747	0.085929215
0.9617601	0.1478837
0.96174556	0.15827781
0.9617493	0.069471724
0.9617302	0.18344346
0.9617294	0.059918586
0.96173775	0.07106056
0.961737	0.116248995
0.9617453	0.05761007
0.96175367	0.055098973
0.9617529	0.1150357
0.96175665	0.070555136
0.9617376	0.1249759
0.9617276	0.12619661
0.9617223	0.16433074
0.96172607	0.1294233
0.96173894	0.065598615
0.96173364	0.17107768
0.96175104	0.022405656
0.9617594	0.05884324
0.9617722	0.06685902
0.9617714	0.07632513
0.9617751	0.09396705
0.9617652	0.13239974
0.9617599	0.09186647
0.9617591	0.12585358
0.96176285	0.06536216
0.9617666	0.0726642
0.9617703	0.115173854
0.9617786	0.06829223
0.9617914	0.059591614
0.9617996	0.043643557
0.96180785	0.053942066
0.9618116	0.06595095
0.9618153	0.07974489
0.961828	0.06475676
0.9618317	0.11136964
0.9618354	0.10153407
0.96183455	0.091125146
0.96183825	0.08499351
0.9618374	0.11929555
0.9618411	0.06956145
0.9618448	0.08957904
0.96183497	0.13473155
0.9618296	0.1231359
0.9618153	0.142173
0.96180546	0.12740962
0.96181816	0.041163698
0.9618353	0.03258582
0.96183	0.09355608
0.9618292	0.11734492
0.9618418	0.058204535
0.9618365	0.12727888
0.96184015	0.18938991
0.9618394	0.11205496
0.9618564	0.029962983
0.9618601	0.10248222
0.9618682	0.05699125
0.96187186	0.0638856
0.9618755	0.11720879
0.96187913	0.07164869
0.96188277	0.07537889
0.9618864	0.06887659
0.9619034	0.027485978
0.9618981	0.077116996
0.96190614	0.036320318
0.9619187	0.026652927
0.9619223	0.07803266
0.961917	0.09989695
0.96192056	0.090145275
0.9619197	0.072451465
0.9619278	0.05669514
0.9619358	0.076636545
0.9619394	0.062816754
0.961943	0.112667084
0.96193767	0.14325923
0.9619501	0.031654704
0.9619581	0.06548993
0.9619484	0.08883401
0.9619564	0.07400394
0.96195996	0.07046073
0.96195465	0.098028965
0.96196264	0.06634179
0.9619662	0.114048004
0.9619653	0.10260615
0.9619777	0.0656212
0.9619857	0.09201975
0.9619892	0.06524959
0.9619972	0.06923813
0.9620007	0.064536914
0.96200866	0.07276657
0.962021	0.060039714
0.9620289	0.08330992
0.96203244	0.073366225
0.9620448	0.048463188
0.9620483	0.101418346
0.96205616	0.046096925
0.9620597	0.06632761
0.9620588	0.092072725
0.96206665	0.06559592
0.9620789	0.0311706
0.962078	0.09945386
0.96207273	0.09400088
0.96208054	0.0963788
0.9620753	0.117575996
0.96207434	0.09117478
0.9620691	0.1160842
0.9620769	0.04817278
0.962076	0.07400087
0.9620707	0.08967075
0.9620829	0.058298945
0.9620908	0.04497306
0.96210295	0.058278017
0.9621108	0.056460682
0.96210986	0.08936906
0.9621133	0.083635874
0.9621255	0.035249338
0.96212894	0.15853724
0.96213233	0.10560772
0.9621445	0.037196726
0.96215224	0.12417933
0.9621644	0.054986957
0.96217215	0.06478331
0.96216685	0.09146337
0.96217024	0.123270586
0.9621606	0.096675195
0.96216834	0.045711175
0.9621631	0.11762701
0.96216214	0.079416946
0.9621785	0.045786425
0.96217763	0.109759
0.9621897	0.04762939
0.9621887	0.15584035
0.9621704	0.15411763
0.96218246	0.03465648
0.9621686	0.20227055
0.962159	0.17981382
0.96215373	0.1386712
0.9621614	0.031183295
0.9621648	0.07591811
0.96214664	0.13755943
0.9621543	0.034302715
0.96217066	0.029353585
0.9621654	0.15162505
0.96216446	0.107712835
0.96217644	0.061797414
0.96217984	0.051592026
0.9621789	0.16999891
0.96216935	0.10588346
0.9621641	0.12232542
0.9621632	0.076580666
0.96216655	0.06674251
0.9621656	0.11849332
0.962169	0.085153066
0.96216804	0.13448986
0.96216714	0.06380225
0.9621662	0.091400154
0.9621567	0.10810301
0.96213865	0.17802018
0.9621377	0.13722366
0.962124	0.1594911
0.96212304	0.11632678
0.96211785	0.15251666
0.9621127	0.108900115
0.9621289	0.02927127
0.9621237	0.14667493
0.9621313	0.057051234
0.96213895	0.07596114
0.962121	0.18979715
0.96212435	0.07324751
0.96211493	0.13797398
0.96210974	0.13565767
0.96210885	0.12979741
0.9621122	0.08818835
0.96210706	0.13180292
0.9621104	0.103483334
0.96210104	0.121620566
0.9621129	0.0883441
0.96211195	0.07233782
0.9621068	0.09725158
0.9621187	0.0470697
0.962122	0.077608936
0.9621296	0.09853635
0.96213293	0.05856955
0.9621278	0.08923367
0.9621099	0.189542
0.96210057	0.113538675
0.96209973	0.09575521
0.96209615	0.09558969
0.96209526	0.1316412
0.96209437	0.09639534
0.96210194	0.054317564
0.96211374	0.0456701
0.962096	0.16060252
0.9621035	0.07542151
0.9621068	0.070579335
0.9620975	0.16397843
0.9620924	0.17559895
0.96209157	0.10107913
0.9620907	0.11413145
0.9621024	0.05296241
0.9620973	0.092956685
0.96211326	0.03168092
0.96211237	0.083291076
0.96211565	0.074180394
0.962119	0.08956604
0.9621139	0.11306021
0.9620962	0.14232337
0.9621037	0.06720004
0.96211123	0.074887
0.9621146	0.07521108
0.9621053	0.13572854
0.9621002	0.1389832
0.96209514	0.16778502
0.96210265	0.06698032
0.9620976	0.15666516
0.96208835	0.14088005
0.9620916	0.06167766
0.9621033	0.042371627
0.9621024	0.08251885
0.9621141	0.054369915
0.9621257	0.036923803
0.96212065	0.116876096
0.96211976	0.107919365
0.9621272	0.074306324
0.9621263	0.12058283
0.9621296	0.11770621
0.9621204	0.09882838
0.9621237	0.08317205
0.9621394	0.0253606
0.962151	0.0338583
0.96215427	0.068855666
0.96216166	0.073712796
0.9621525	0.122196026
0.9621516	0.10063938
0.9621507	0.07998069
0.9621456	0.12571217
0.962153	0.0516218
0.962148	0.15318039
0.9621595	0.033012584
0.9621586	0.09689955
0.9621578	0.091461495
0.962161	0.08225662
0.9621601	0.1053505
0.9621716	0.041895486
0.96217483	0.093204156
0.96217805	0.08291199
0.96216893	0.16189688
0.96216804	0.14882798
0.96216714	0.10710261
0.9621745	0.050676726
0.9621859	0.028917532
0.962185	0.07781912
0.96219647	0.045290142
0.9622038	0.05228175
0.9622029	0.08554744
0.96221435	0.028860468
0.9622217	0.051368676
0.9622207	0.09177399
0.96222395	0.081391245
0.9622312	0.06008377
0.96223855	0.08020419
0.96222943	0.11968229
0.9622326	0.10699149
0.96221936	0.13941477
0.9622021	0.15296891
0.96219707	0.10615738
0.96220845	0.051728096
0.96220756	0.065918505
0.9622108	0.0693303
0.96221393	0.09440722
0.9622171	0.089662954
0.96220803	0.106638394
0.9622194	0.049815796
0.96221846	0.12552838
0.9622339	0.03131213
0.962233	0.08081531
0.9622402	0.04835965
0.9622353	0.08104429
0.9622343	0.16182588
0.9622375	0.06775722
0.96224475	0.061648756
0.96223974	0.15870017
0.9622429	0.06809816
0.9622501	0.07782011
0.9622492	0.18451679
0.9622524	0.07834124
0.9622474	0.13022856
0.9622384	0.11107975
0.9622455	0.09837005
0.9622568	0.05237108
0.96224374	0.12645869
0.9622469	0.05784105
0.9622419	0.09991775
0.962241	0.047419667
0.96224415	0.07581356
0.96223515	0.14065233
0.9622423	0.067354225
0.96223736	0.0863356
0.9622486	0.04692262
0.9622558	0.052938037
0.9622549	0.12687467
0.9622539	0.10613459
0.9622611	0.046003968
0.96225214	0.10077616
0.96224314	0.15028197
0.96224225	0.096674375
0.96223736	0.08601069
0.9622364	0.106211655
0.9622355	0.07532539
0.96223867	0.11986651
0.9622378	0.07898812
0.9622529	0.027929682
0.962256	0.069936134
0.96226317	0.06357382
0.9622743	0.1086353
0.9622654	0.14096701
0.96225643	0.17030019
0.96225554	0.11001254
0.9622666	0.05664289
0.96226174	0.06862493
0.96226484	0.08737924
0.96226394	0.1034242
0.96227103	0.06052463
0.96227014	0.12034583
0.9622612	0.104795516
0.9622563	0.12697336
0.96224344	0.14838316
0.96225053	0.04954518
0.96224964	0.103809796
0.96224076	0.09314466
0.96223986	0.10333177
0.962235	0.13363862
0.9622301	0.15978156
0.9622252	0.12663262
0.9622243	0.10367485
0.9622235	0.09403601
0.9622265	0.10858479
0.9622336	0.05194673
0.9622367	0.06627272
0.9622318	0.14565943
0.962223	0.13170305
0.9622301	0.056153864
0.9622331	0.05474271
0.9622402	0.07104336
0.96224725	0.09429844
0.96223444	0.14072777
0.9622296	0.103120066
0.9622287	0.10237298
0.9622239	0.12626809
0.9622309	0.078444466
0.9622419	0.034784243
0.962245	0.10168228
0.962248	0.07041979
0.9622353	0.1749063
0.96224624	0.061468087
0.9622572	0.03279856
0.96223265	0.17129157
0.9622239	0.13882315
0.96223485	0.057621073
0.96222603	0.10276514
0.96224093	0.04139052
0.96224403	0.10195776
0.9622392	0.13955447
0.9622462	0.051876966
0.9622571	0.0521372
0.9622562	0.10095332
0.9622553	0.104881085
0.96225834	0.06351852
0.9622614	0.08420434
0.96224874	0.1828727
0.96224	0.1363824
0.9622509	0.04447291
0.9622618	0.054839913
0.9622413	0.15413739
0.9622404	0.0738149
0.9622513	0.043125514
0.96225435	0.13900183
0.96226126	0.09944212
0.96226037	0.092288025
0.9622634	0.076268904
0.9622625	0.0987013
0.96226555	0.07122341
0.9622608	0.094231166
0.9622716	0.049184546
0.9622746	0.09112005
0.9622815	0.039039217
0.96228063	0.14496419
0.96227586	0.116234444
0.96227497	0.09241354
0.9622702	0.1513525
0.9622498	0.14113358
