0.97	0.099870436
0.98	0.07464324
0.96666664	0.08679326
0.9575	0.10394816
0.958	0.13955073
0.96166664	0.06424503
0.9614286	0.14140375
0.96125	0.14529188
0.9611111	0.09770526
0.961	0.07099171
0.96181816	0.08921552
0.95916665	0.14529866
0.96	0.062910765
0.9607143	0.15384366
0.96	0.15081216
0.9575	0.19705212
0.9582353	0.099576175
0.9577778	0.14066263
0.95789474	0.09634206
0.9575	0.19401953
0.95714283	0.07828688
0.95681816	0.16289683
0.95652175	0.12351977
0.9558333	0.1460694
0.956	0.0940279
0.9542308	0.18185963
0.9540741	0.11775794
0.95464283	0.13321866
0.95448273	0.15207858
0.9536667	0.13632652
0.9545161	0.069856696
0.95375	0.13171501
0.9539394	0.11880003
0.9529412	0.21686333
0.95257145	0.1470204
0.95166665	0.14919801
0.95135134	0.17611584
0.95026314	0.1945837
0.95	0.11578963
0.9495	0.21850803
0.9490244	0.15120317
0.9488095	0.16009115
0.9476744	0.20634261
0.9481818	0.10817803
0.94777775	0.13797258
0.9476087	0.19870704
0.94765955	0.16844465
0.94666666	0.26231143
0.94693875	0.14778663
0.9472	0.11359936
0.9472549	0.15171635
0.9473077	0.13038039
0.94698113	0.20451136
0.94648147	0.17001833
0.9463636	0.12312645
0.94714284	0.05407805
0.94736844	0.097918466
0.94724137	0.11768819
0.94728816	0.11462848
0.9471667	0.11561667
0.9470492	0.1620548
0.9466129	0.16286011
0.94730157	0.06884528
0.94734377	0.13967583
0.94676924	0.16179226
0.9469697	0.086336106
0.9470149	0.11169226
0.9472059	0.08876822
0.94666666	0.1837575
0.9462857	0.12881306
0.94633806	0.13915165
0.9458333	0.16338246
0.9460274	0.077261895
0.9458108	0.14707747
0.9457333	0.17246433
0.94539475	0.24033765
0.9455844	0.10167384
0.94564104	0.10864337
0.9456962	0.1112804
0.94575	0.1662652
0.945679	0.124229714
0.94585365	0.07311617
0.9460241	0.1208588
0.9458333	0.12772754
0.94611764	0.062294994
0.94593024	0.16514929
0.94563216	0.16171844
0.9457955	0.14455797
0.94595504	0.12385065
0.946	0.13406214
0.94593406	0.16198581
0.94608694	0.10833666
0.9460215	0.10514763
0.9459574	0.17166375
0.9456842	0.24257617
0.9459375	0.064793274
0.9458763	0.117238715
0.94581634	0.14672802
0.9453535	0.1595777
0.9458	0.07889023
0.9460396	0.0780868
0.9458824	0.14730032
0.9460194	0.08525565
0.94634616	0.06070742
0.9459048	0.18047987
0.9459434	0.1701949
0.9459813	0.1217874
0.9460185	0.14472699
0.94605505	0.11490672
0.9459091	0.18826137
0.9461261	0.07991239
0.9458929	0.1579232
0.9458407	0.19777484
0.9454386	0.2764865
0.9455652	0.10628081
0.9456897	0.10589568
0.9457265	0.12660913
0.945678	0.18901
0.9457143	0.15890439
0.94516665	0.22350986
0.94545454	0.08810586
0.94557375	0.11211835
0.94536585	0.24478996
0.9453226	0.1695214
0.94488	0.18880934
0.9444444	0.20152366
0.9445669	0.10817122
0.9442969	0.15763216
0.9444186	0.08076003
0.94461536	0.107873745
0.94473284	0.1257267
0.9448485	0.06560694
0.94481206	0.15089752
0.94492537	0.093096465
0.944963	0.11731615
0.945	0.09461717
0.9453285	0.04644289
0.94528985	0.1370113
0.9456835	0.039802585
0.9457857	0.096369445
0.9458156	0.08697799
0.9457747	0.25931266
0.94573426	0.13441193
0.9457639	0.113497645
0.94586205	0.101718426
0.9460274	0.06545943
0.9456463	0.15806976
0.9458108	0.088412784
0.9458389	0.12159174
0.94593334	0.102691844
0.94582784	0.13604207
0.94592106	0.08562977
0.9459477	0.13127555
0.94616884	0.07651017
0.94625807	0.087350845
0.9464744	0.12630339
0.9463694	0.19353008
0.9464557	0.07388996
0.946478	0.123850435
0.94625	0.18148191
0.94621116	0.115259774
0.946358	0.10657089
0.9464417	0.11653347
0.94658536	0.075441524
0.9467879	0.07768307
0.9469879	0.051782764
0.94724554	0.094209336
0.9473214	0.10347852
0.94721895	0.17405339
0.94717646	0.13117345
0.9469591	0.15059797
0.9470349	0.08165988
0.94716763	0.10841736
0.94712645	0.19831383
0.9472	0.14016213
0.9472159	0.08867098
0.94723165	0.093950294
0.94707865	0.21080141
0.9469832	0.18499969
0.947	0.14787644
0.94696134	0.15074666
0.947033	0.08941791
0.94699454	0.12128217
0.9471196	0.07913761
0.9469189	0.15691456
0.94698924	0.09567966
0.94695187	0.13524064
0.9470213	0.14375538
0.94714284	0.09499583
0.9471053	0.11346721
0.94696337	0.15339775
0.94708335	0.10042921
0.94704664	0.13605708
0.94706184	0.13198924
0.9471282	0.1369703
0.9470918	0.20303427
0.9471066	0.1117008
0.9470202	0.18967949
0.9471357	0.09090243
0.94715	0.122190475
0.9470149	0.2011473
0.9470297	0.13615805
0.9470443	0.07615033
0.9470098	0.1948055
0.9469756	0.14391357
0.94684464	0.11037201
0.94690824	0.090346545
0.9469712	0.10938861
0.9469378	0.10931882
0.94685715	0.16315946
0.9470142	0.06045351
0.9470755	0.09279315
0.9471831	0.07396513
0.94705606	0.21474683
0.9469767	0.15015194
0.9469444	0.12400899
0.9470046	0.1477414
0.94720185	0.045709495
0.94716895	0.1650351
0.9472727	0.07374977
0.94742084	0.09574544
0.94734234	0.16260724
0.9473991	0.12305216
0.94745535	0.078652866
0.94733334	0.16930076
0.9472566	0.15247671
0.9473128	0.09660966
0.9473246	0.18248619
0.94724894	0.18773896
0.9473478	0.08496319
0.94722944	0.15389934
0.9473276	0.061264288
0.9472532	0.15094103
0.94735044	0.1637854
0.9472766	0.15500064
0.94733053	0.09021589
0.9473418	0.13527232
0.9473109	0.14194262
0.94728035	0.1336293
0.94725	0.20275949
0.9472199	0.12662551
0.9471901	0.14163098
0.9472428	0.09841269
0.9473361	0.1617535
0.947551	0.035375126
0.947439	0.12937582
0.9474089	0.11959277
0.9473387	0.15512986
0.94734937	0.121269315
0.9474	0.10626575
0.9473705	0.11930425
0.94738096	0.1077482
0.94735175	0.13958877
0.94728345	0.16048901
0.9472941	0.1183701
0.9471094	0.22860384
0.9470817	0.18771076
0.947093	0.09542516
0.9469884	0.133869
0.9470769	0.06824151
0.9469732	0.2669723
0.94694656	0.14730799
0.9469962	0.13525005
0.94704545	0.12138564
0.9469434	0.1997565
0.9467669	0.16856952
0.94685394	0.09746283
0.9468657	0.108646415
0.94684017	0.118543796
0.94692594	0.07560794
0.9467897	0.16943191
0.94683826	0.13940103
0.9468498	0.13582602
0.94671535	0.21731174
0.94676363	0.097873725
0.9468116	0.0890783
0.9469675	0.05829172
0.9470144	0.10995231
0.9469534	0.14600995
0.94692856	0.1554361
0.9469751	0.13074605
0.94698584	0.10808699
0.9469611	0.13400073
0.9469014	0.1553214
0.9469474	0.15647706
0.9468881	0.13937369
0.94689894	0.11792919
0.94680554	0.14985596
0.9467474	0.13452525
0.9467241	0.14267063
0.9467698	0.10931591
0.9467808	0.12442851
0.9468259	0.09531054
0.94680274	0.15980935
0.946678	0.17583711
0.946723	0.11699579
0.946734	0.1057894
0.9467114	0.14935511
0.9467558	0.12703964
0.94673336	0.14598347
0.94687706	0.072752915
0.9468212	0.15013611
0.9467987	0.13150394
0.94684213	0.1128568
0.94685245	0.09334289
0.9468954	0.09257724
0.9469381	0.12837757
0.94698054	0.11098817
0.94695795	0.13372517
0.9469032	0.14819586
0.9469453	0.106372185
0.946859	0.18133806
0.94696486	0.06871293
0.9469427	0.1798646
0.9469841	0.17739274
0.94699365	0.1067708
0.94690853	0.14220461
0.9470126	0.0681071
0.94702196	0.09264656
0.947	0.15055324
0.9469782	0.17238432
0.94698757	0.112832434
0.946904	0.10761175
0.94685185	0.12215898
0.94686157	0.12973396
0.94677913	0.16304821
0.94678897	0.101482086
0.94664633	0.20942983
0.94656533	0.12477187
0.94642425	0.18422809
0.94643503	0.13073565
0.94644576	0.12847258
0.9463964	0.14009698
0.9464371	0.09109069
0.9465373	0.1076128
0.9465476	0.102126464
0.94664687	0.072535865
0.94659764	0.11065535
0.9464897	0.18713377
0.9465	0.12966812
0.9464516	0.1521492
0.9463743	0.16293678
0.9463557	0.17347418
0.94639534	0.105457745
0.9463768	0.1334621
0.9463584	0.18569092
0.94631124	0.1742869
0.9463506	0.21113566
0.946361	0.10743484
0.94637144	0.13012041
0.94635326	0.1332787
0.94642043	0.08425827
0.94640225	0.16794436
0.94635594	0.15579912
0.9464225	0.103279695
0.9464326	0.105982274
0.9464146	0.16194025
0.9463408	0.26550806
0.94629526	0.17258741
0.9463056	0.17175056
0.9462881	0.14933659
0.94621545	0.1871675
0.946281	0.08096907
0.9463187	0.09706105
0.9462192	0.21684897
0.9463115	0.07129571
0.946376	0.101853706
0.9464946	0.09327919
0.94647694	0.13354951
0.9465946	0.066148065
0.9466307	0.10583656
0.946586	0.17073919
0.9465147	0.2091796
0.9464973	0.13599947
0.9464267	0.14718853
0.94643617	0.12975413
0.94644564	0.1345106
0.9464286	0.1123761
0.9464116	0.13964449
0.9463684	0.2057752
0.94624674	0.19651844
0.9462042	0.12865102
0.94608355	0.2501208
0.94604164	0.18773624
0.9461039	0.06926629
0.946114	0.09835301
0.946124	0.11122834
0.9460567	0.17038445
0.9460154	0.16805671
0.9461538	0.031505346
0.94616365	0.18447343
0.94625	0.069545075
0.94631046	0.070401594
0.9462944	0.15274085
0.9463291	0.095085144
0.9462626	0.14759618
0.9462972	0.08116796
0.9463317	0.09379551
0.9463659	0.117214106
0.9464	0.10125702
0.9464838	0.081710234
0.94654226	0.094277404
0.9464516	0.16126518
0.9465594	0.07009044
0.9465432	0.2089236
0.94655174	0.14419805
0.94658476	0.12388485
0.9465686	0.22999702
0.9465526	0.15209313
0.94660974	0.10426232
0.9465207	0.2437986
0.9464806	0.13505591
0.9464407	0.16832136
0.9463768	0.14351724
0.9463614	0.10315117
0.94629806	0.20096466
0.9463549	0.0756983
0.9464115	0.068982124
0.94646776	0.070218965
0.9465	0.12369891
0.9464133	0.18197572
0.9464455	0.15052176
0.9465012	0.07212946
0.9465094	0.12948865
0.94647056	0.17734407
0.9465023	0.10816221
0.9464637	0.13157438
0.9464019	0.14671874
0.94643354	0.101809055
0.9464419	0.15029214
0.94640374	0.11410113
0.9463889	0.13523246
0.94639724	0.11026923
0.9464286	0.07809924
0.9464828	0.07736728
0.9464679	0.14067307
0.94652176	0.10497767
0.94650686	0.1682301
0.9466059	0.06766767
0.9466136	0.10418007
0.94653064	0.2000705
0.94653845	0.14463757
0.94654626	0.10343157
0.9466441	0.05701582
0.9466517	0.09452278
0.9465695	0.17091906
0.9466219	0.09882995
0.94662946	0.14224528
0.9466147	0.1503264
0.94655555	0.16496193
0.9464745	0.18110424
0.9465708	0.05649083
0.94660044	0.114487655
0.9465859	0.118643895
0.9466374	0.07797314
0.9466228	0.14105618
0.946674	0.10884388
0.9466157	0.15818141
0.9466449	0.08797589
0.94652176	0.17085049
0.94652927	0.10447875
0.9465584	0.13335977
0.9465443	0.10137034
0.946444	0.17884134
0.9464731	0.13689299
0.94639486	0.21743456
0.946424	0.116086595
0.9465171	0.07090712
0.9464819	0.14985746
0.9465532	0.07296856
0.9466242	0.04998893
0.94665253	0.119569
0.9465962	0.17612839
0.94660336	0.10661064
0.9466737	0.0637046
0.9467227	0.102260545
0.94668764	0.18961294
0.9467364	0.088512175
0.9467432	0.113361225
0.94677085	0.1572164
0.9467983	0.097207576
0.94682574	0.13088322
0.9468323	0.108694755
0.9468182	0.19497555
0.9468247	0.12883948
0.9468107	0.11899805
0.94675565	0.17003731
0.9468238	0.070827685
0.9468098	0.15564501
0.9468367	0.10023605
0.9468839	0.10763917
0.94689023	0.09755258
0.94693714	0.09926891
0.9469028	0.17322296
0.94686866	0.13895582
0.9468952	0.09723922
0.9469215	0.13477035
0.9468474	0.19279778
0.94693387	0.068943724
0.94694	0.13062869
0.946986	0.06564939
0.94699204	0.12130006
0.9470775	0.06639749
0.9470238	0.18942839
0.9470099	0.17323808
0.94703555	0.133742
0.9471006	0.07335916
0.947126	0.09845649
0.94713163	0.09989417
0.9471176	0.12218708
0.947182	0.07538178
0.94720703	0.10870989
0.94723195	0.112803735
0.9472374	0.12939404
0.94728154	0.100496665
0.94728684	0.112030774
0.9473308	0.060680866
0.9473552	0.164506
0.9473218	0.1332576
0.94734615	0.103696555
0.94738966	0.10239942
0.9473946	0.10966773
0.9473996	0.10630802
0.94746184	0.071528934
0.9474476	0.14608602
0.9474335	0.124639176
0.9474004	0.16322124
0.9473864	0.18572056
0.9473346	0.18880329
0.9474151	0.102555715
0.9473258	0.17805883
0.94733083	0.093357496
0.9473546	0.1265869
0.947397	0.14780149
0.94738317	0.18239933
0.9473694	0.11778648
0.9473743	0.1785241
0.94739777	0.1100816
0.94736546	0.14760973
0.9473148	0.16605146
0.9473383	0.17302679
0.94738007	0.08382383
0.94734806	0.12263414
0.9473346	0.19293971
0.9473395	0.08955335
0.94738096	0.10301967
0.94727606	0.2605875
0.947281	0.14222294
0.94728595	0.13238823
0.94725454	0.15511705
0.94731396	0.06499393
0.94731885	0.13048032
0.9473418	0.086739056
0.9473646	0.09029154
0.9473694	0.11858364
0.9473381	0.15254827
0.9474147	0.09301551
0.94732976	0.21452938
0.9473524	0.11436741
0.9474107	0.07369205
0.9473797	0.14565557
0.9473132	0.17174889
0.9472647	0.19032668
0.94732267	0.065123245
0.9472389	0.16941269
0.9471731	0.1768927
0.9471076	0.18446884
0.94713026	0.10131365
0.94710016	0.15824282
0.9471579	0.09447774
0.9471278	0.16078778
0.94715035	0.13220929
0.9471553	0.12002987
0.94707316	0.23911785
0.94709563	0.14034198
0.9470486	0.20131719
0.94705373	0.15908423
0.94700694	0.1381301
0.94702935	0.09833735
0.94710344	0.073047884
0.94716007	0.0747286
0.9471993	0.089905836
0.9471527	0.21937314
0.94717467	0.09969071
0.9471966	0.13924275
0.9471843	0.1411897
0.94720614	0.10447455
0.9472619	0.08604809
0.94718164	0.2540108
0.94718647	0.140677
0.9471912	0.20322454
0.9472128	0.103607826
0.9472344	0.07427101
0.9472896	0.06756553
0.94732773	0.08280813
0.94736576	0.12028776
0.9473367	0.19089311
0.9473244	0.14872004
0.9472454	0.24780205
0.9472167	0.1723637
0.9472379	0.08568465
0.94719267	0.1929093
0.94721395	0.07231397
0.94721854	0.13387226
0.9472397	0.061775476
0.9472112	0.13618822
0.94724876	0.09803291
0.9472862	0.09268062
0.9472742	0.11996824
0.9472623	0.16169076
0.94728315	0.09467037
0.9473203	0.114142515
0.94734097	0.08594438
0.9473616	0.11741658
0.9473821	0.12478878
0.9474026	0.09543486
0.94742304	0.068942755
0.94744337	0.10009238
0.94749594	0.1615241
0.9474355	0.13947423
0.9474396	0.124782294
0.94742763	0.14410266
0.94747996	0.09412824
0.947516	0.12000415
0.947552	0.07955131
0.94758785	0.0685461
0.9476395	0.103845835
0.9476911	0.08049856
0.94767886	0.18484476
0.94763494	0.24713449
0.94762284	0.12336887
0.94765824	0.07719037
0.94767773	0.115120605
0.9477287	0.104845256
0.9476378	0.25470984
0.9476572	0.13893574
0.9475981	0.19431481
0.9475862	0.17932686
0.947543	0.15044422
0.94757813	0.12068905
0.9475975	0.122435115
0.94760126	0.1688374
0.9475272	0.21919103
0.9475621	0.08036
0.9475504	0.12062499
0.94758517	0.17877577
0.94758886	0.12772076
0.94760805	0.11127002
0.94765794	0.06588468
0.9477231	0.062079296
0.9477112	0.12973703
0.94776076	0.06657593
0.94776416	0.12051256
0.94781345	0.07509344
0.94783205	0.12124
0.9478201	0.13123538
0.9478691	0.08300134
0.94791794	0.08549286
0.9478604	0.22758952
0.9478788	0.12939222
0.9479123	0.10009074
0.94796073	0.09305434
0.94790345	0.19533664
0.9479368	0.07961958
0.9479549	0.10998621
0.948003	0.0659095
0.948051	0.08154746
0.94806886	0.09522687
0.9480718	0.1809636
0.94808954	0.096411966
0.9480924	0.15258144
0.948125	0.09024035
0.9481129	0.11167631
0.9480861	0.14420998
0.9481037	0.06441207
0.9481361	0.060727075
0.94807976	0.18385382
0.94809735	0.08246319
0.9480854	0.15801388
0.94810295	0.10497091
0.94806165	0.14524299
0.9480352	0.17739676
0.9479942	0.14969623
0.9479678	0.14343867
0.9479416	0.19991526
0.94798833	0.08508052
0.9480058	0.16167945
0.94796515	0.1720239
0.9479536	0.14445004
0.94798553	0.06567463
0.9479595	0.15383837
0.9479191	0.21966635
0.94792205	0.133318
0.9478818	0.21134411
0.947813	0.21731386
0.9478161	0.18158148
0.94780487	0.12586965
0.94782233	0.13160351
0.9478398	0.15679532
0.94785714	0.1258025
0.9479173	0.061638758
0.94793445	0.12304414
0.94796586	0.08458957
0.94792616	0.21489403
0.9479291	0.111567885
0.9479887	0.052842412
0.9480198	0.10547628
0.94803673	0.096571274
0.9480254	0.12792443
0.94802815	0.13179691
0.94807315	0.044795945
0.94804776	0.16963673
0.9480785	0.073612615
0.94808125	0.09531032
0.9480979	0.10231644
0.9481145	0.15299246
0.94814503	0.08478808
0.94816154	0.073832124
0.9481502	0.16237716
0.9481111	0.16782269
0.94809985	0.14161275
0.94811636	0.100797616
0.9481051	0.1535902
0.94812155	0.093669154
0.94813794	0.086152256
0.94816804	0.09835949
0.94821185	0.07611921
0.94815934	0.21021184
0.94813126	0.21409878
0.9481064	0.20534663
0.9480816	0.16853441
0.94809794	0.11880858
0.9481005	0.12101492
0.9480895	0.16413237
0.94806486	0.14799233
0.9480539	0.15126698
0.9481244	0.05334924
0.948127	0.10358251
0.9481566	0.07739572
0.94817257	0.10928165
0.9482291	0.08374109
0.948218	0.15842435
0.94817996	0.14758128
0.9481824	0.1423511
0.94813114	0.24501523
0.94816047	0.097238705
0.9481093	0.18074334
0.94805837	0.17566374
0.9480342	0.16076136
0.9480769	0.07479635
0.9481061	0.07785707
0.9481086	0.11512855
0.9481377	0.10693682
0.9481004	0.16409926
0.9480499	0.16726312
0.94801277	0.21376759
0.9480286	0.119475804
0.948018	0.15218191
0.9480338	0.108607665
0.94804955	0.0824678
0.948039	0.12414635
0.9480547	0.11036651
0.948031	0.1311722
0.9479943	0.16274594
0.94803613	0.06978717
0.94797343	0.16603327
0.94791085	0.22834562
0.9479266	0.1393375
0.9479033	0.09063086
0.94794494	0.07304021
0.9479606	0.08479218
0.9479244	0.15915048
0.94794	0.17267549
0.9479556	0.1387266
0.9479324	0.16854094
0.94796085	0.109189406
0.9479506	0.12672362
0.94799185	0.066631965
0.94798154	0.1374638
0.947997	0.13357872
0.94802517	0.13388966
0.94806606	0.07021471
0.9480174	0.20590675
0.94795614	0.1767728
0.94795877	0.11993923
0.94796133	0.14704801
0.94788766	0.23255838
0.94791573	0.081337355
0.94794375	0.11244657
0.9479717	0.0760803
0.94799954	0.07028526
0.9479642	0.18678302
0.9479415	0.14681192
0.9479567	0.13212131
0.9479719	0.09542611
0.9479744	0.09692743
0.94797695	0.11973491
0.9479795	0.10924799
0.94794446	0.16996092
0.9479845	0.08147903
0.9480245	0.12346321
0.94800204	0.21326591
0.948017	0.08825974
0.9480319	0.10574832
0.9480592	0.08541806
0.9480492	0.16849777
0.94805163	0.083310395
0.9480664	0.09123144
0.9480688	0.13274735
0.9480465	0.14840677
0.9480859	0.12033259
0.9481129	0.10719193
0.9481522	0.08744127
0.9481913	0.10040093
0.9481567	0.17368877
0.94812214	0.145958
0.9481612	0.08267666
0.94815123	0.10481953
0.94812906	0.14660606
0.94814354	0.12226612
0.9481702	0.09188601
0.94818455	0.112514235
0.94815034	0.16492034
0.9481647	0.13544855
0.9481669	0.14624047
0.9481934	0.06466403
0.9481956	0.102871545
0.9481977	0.11348412
0.94821197	0.09555024
0.9482021	0.100122355
0.9481922	0.11447439
0.9481463	0.20353223
0.9481485	0.12849326
0.94816273	0.086093776
0.9481769	0.11015691
0.94819105	0.11393132
0.9481693	0.124394454
0.9481715	0.16698101
0.9481618	0.13623798
0.9481997	0.056447115
0.94820184	0.11398278
0.9482277	0.09229037
0.9481942	0.14329152
0.9481726	0.14997405
0.9481985	0.11103879
0.9481651	0.23595536
0.94814366	0.1443514
0.94815767	0.11383102
0.94812447	0.17913394
0.9481502	0.08476837
0.9481877	0.0827119
0.9481663	0.12395344
0.9481568	0.17318587
0.94818234	0.104683675
0.94817275	0.11753405
0.9482216	0.063784994
0.9482004	0.15047532
0.9482141	0.12762201
0.9482162	0.10337481
0.94819504	0.14034471
0.9481971	0.14265937
0.94821084	0.0932643
0.94818974	0.17581049
0.94821495	0.103988625
0.9482055	0.12867813
0.9482191	0.09045692
0.9482327	0.13750075
0.9481886	0.15726776
0.9481907	0.14623316
0.9482043	0.08983111
0.9482408	0.06413663
0.94823134	0.11192815
0.948199	0.18636885
0.9481667	0.1692074
0.94818026	0.13419905
0.9481709	0.11126184
0.94815016	0.14369677
0.9481751	0.114478044
0.94817716	0.1599746
0.94820195	0.060591802
0.9482267	0.1182393
0.9482287	0.1682505
0.94823074	0.106641434
0.94824404	0.10831399
0.94823474	0.14237577
0.948248	0.09919133
0.94822747	0.22557127
0.94821817	0.103964634
0.9481414	0.24433689
0.9481997	0.035892323
0.9481905	0.12619787
0.9481028	0.22322676
0.9481161	0.12892017
0.94809586	0.17170769
0.94810915	0.13805614
0.94807774	0.18716682
0.94810224	0.08637486
0.94811547	0.09708887
0.9481287	0.11605982
0.948153	0.13417427
0.94816613	0.12750371
0.9481793	0.18394442
0.94818133	0.09435217
0.9481723	0.13501234
0.94819635	0.0761675
0.94818735	0.18487093
0.94816726	0.155882
0.9481362	0.17959145
0.9481603	0.07130671
0.9481403	0.1850468
0.9481534	0.092309654
0.9480786	0.34459117
0.94806975	0.11574082
0.94804996	0.14180876
0.94801927	0.1963538
0.9479996	0.12650304
0.9479909	0.11326671
0.9479713	0.16063859
0.94795173	0.23146111
0.9479757	0.10324342
0.94798875	0.09853847
0.9479801	0.13851331
0.9480148	0.11412224
0.9479628	0.24063213
0.947965	0.13680473
0.9479672	0.08974884
0.9479586	0.17138633
0.9479392	0.1867088
0.9479307	0.107044995
0.94792217	0.18552132
0.9478814	0.13904428
0.94783	0.23696594
0.94780016	0.18248136
0.9477811	0.17461659
0.9477621	0.17277896
0.94778585	0.08557115
0.9477989	0.09820709
0.94779056	0.17249121
0.9477716	0.12359162
0.9477953	0.11846923
0.9477657	0.17108852
0.9477893	0.09844719
0.9478129	0.10906029
0.9478364	0.0747919
0.94779634	0.1564352
0.94779867	0.12526001
0.94782215	0.1038116
0.94785607	0.10916195
0.94787943	0.06469463
0.9479133	0.06521963
0.947926	0.13358025
0.9479387	0.16553888
0.9479618	0.0992601
0.94798493	0.105664514
0.9479975	0.08402736
0.9480101	0.10726336
0.94797033	0.18755585
0.9479829	0.09725118
0.9479537	0.16264986
0.9479454	0.16570193
0.9479684	0.06481165
0.9479809	0.114607155
0.9479934	0.10364899
0.94797474	0.13534129
0.94799757	0.11482642
0.9479789	0.17554665
0.9479914	0.13007401
0.94803476	0.0305269
0.9480678	0.08033685
0.94806975	0.12356927
0.94811296	0.06669723
0.9481458	0.10194417
0.9481683	0.10148159
0.9481701	0.13309444
0.9481823	0.11596318
0.9481636	0.22181183
0.9481757	0.13756633
0.94817764	0.13855313
0.94814885	0.18543258
0.9481405	0.121081725
0.9481628	0.0879736
0.9481647	0.11370656
0.94817674	0.123484194
0.94820905	0.085668355
0.94817024	0.16803843
0.94817215	0.09349517
0.9481334	0.13987754
0.9481252	0.095527336
0.9481271	0.12829357
0.94811887	0.14824437
0.948141	0.0864207
0.9481529	0.13931513
0.9481649	0.09446389
0.94815665	0.118164845
0.9481686	0.080900334
0.9481503	0.18114047
0.9481722	0.08840056
0.9481941	0.07028267
0.94820595	0.115560435
0.94822776	0.0972496
0.9482295	0.099722326
0.94824123	0.09091011
0.948263	0.083010204
0.94824475	0.14662588
0.94822663	0.15347165
0.9482184	0.15672123
0.94821024	0.13698165
0.9482319	0.07602813
0.94825345	0.066064425
0.9482354	0.15381555
0.9482272	0.14549522
0.9482191	0.15272135
0.9482011	0.17029689
0.948193	0.17158595
0.9481948	0.10966923
0.94817686	0.148093
0.9482082	0.096689194
0.94817066	0.192663
0.948143	0.11905448
0.9481546	0.099751264
0.94812703	0.22629745
0.94816804	0.050371427
0.94814044	0.13924494
0.94812274	0.1933256
0.94815385	0.048509307
0.94815564	0.10474034
0.9481574	0.1534994
0.9481593	0.18835436
0.94816107	0.11013608
0.9481822	0.124569885
0.94820344	0.05661993
0.9481664	0.1363078
0.94816816	0.108281545
0.9481796	0.10581038
0.9481814	0.13377707
0.9481831	0.10003108
0.9481849	0.09252504
0.9482059	0.06383152
0.9482076	0.14428273
0.94820935	0.15642734
0.9482399	0.062420625
0.9482704	0.0831682
0.94828165	0.10828755
0.9482833	0.14954667
0.9482945	0.10741032
0.94831526	0.06358395
0.9483169	0.14474522
0.94830894	0.1170122
0.9483201	0.14496519
0.94831216	0.18474135
0.9482852	0.13709997
0.94829637	0.11008794
0.948298	0.12701717
0.9483186	0.11500032
0.94832015	0.10865521
0.94832176	0.13019426
0.94826657	0.26515362
0.94825876	0.18041909
0.94826037	0.1464132
0.94828093	0.08310158
0.94826365	0.15023139
0.9482559	0.15529217
0.94827634	0.114544384
0.9482686	0.110189945
0.94830775	0.041142587
0.9483375	0.05710501
0.9483109	0.13930885
0.94830316	0.15164289
0.9483235	0.13249306
0.9483344	0.13068353
0.94836396	0.08267766
0.9483468	0.11915435
0.9483577	0.12932175
0.94836855	0.10018114
0.94834214	0.1549782
0.948353	0.07573643
0.9483731	0.08623709
0.94837457	0.13097188
0.9483668	0.18179445
0.9483776	0.16111018
0.94838834	0.13006349
0.9484176	0.05905148
0.9483913	0.1998472
0.94838357	0.12964417
0.9483943	0.08546894
0.94840497	0.10992526
0.9484249	0.07739699
0.9484355	0.08065503
0.94842774	0.15270722
0.94841087	0.13860203
0.94839394	0.1428659
0.9483588	0.20487538
0.94834197	0.13161626
0.9483252	0.12667263
0.94830847	0.19970459
0.94832826	0.074898295
0.9483389	0.09227588
0.9482949	0.28449005
0.9483146	0.10031507
0.948298	0.20179941
0.9482995	0.10951203
0.94831014	0.1235749
0.9483026	0.14382845
0.9483132	0.092827976
0.9483238	0.13531226
0.9483253	0.14435486
0.9483268	0.11573608
0.94830126	0.1496142
0.94828475	0.12598296
0.94826823	0.14660944
0.94828784	0.0666164
0.94833434	0.047746677
0.9483448	0.12100588
0.9483373	0.21262528
0.9483388	0.10420078
0.94835824	0.12280589
0.94836867	0.122399285
0.9483791	0.08137879
0.9483984	0.07839166
0.9484177	0.1034235
0.9484102	0.24318318
0.9484116	0.1446406
0.9484219	0.12773497
0.9484055	0.27589178
0.9483892	0.14353462
0.94837284	0.16903923
0.94832987	0.2727555
0.9483491	0.091330566
0.94835055	0.10473986
0.94835204	0.111729234
0.9483181	0.20716263
0.9483196	0.12776962
0.94834757	0.07299474
0.948349	0.10137927
0.9483593	0.11749741
0.94836074	0.10816824
0.94837976	0.09601456
0.94841635	0.052299056
0.9484441	0.08745711
0.9484104	0.22704801
0.9484205	0.082905196
0.94838685	0.18819107
0.94837075	0.13540587
0.94838095	0.07243456
0.9483824	0.10380255
0.94841	0.066295415
0.9483939	0.16284624
0.9484127	0.12465575
0.9484054	0.09420521
0.94843286	0.048646975
0.94845164	0.104830235
0.948453	0.1301533
0.94848037	0.071237355
0.948473	0.13103868
0.94849163	0.10011801
0.9484843	0.12555428
0.9485029	0.059155703
0.9484869	0.13394909
0.9484537	0.1372388
0.9484809	0.0536865
0.9484736	0.19133617
0.94850075	0.096609175
0.948502	0.18261929
0.94849473	0.15825546
0.9485046	0.09168091
0.9484973	0.09915848
0.94849	0.15481946
0.94849986	0.10022794
0.9485354	0.05069047
0.9485195	0.11121501
0.9485464	0.085505396
0.94854766	0.11361426
0.948583	0.047620904
0.94860977	0.08620687
0.94861096	0.12847361
0.9486207	0.11109781
0.94863033	0.12188682
0.9486315	0.1087685
0.94863266	0.10956953
0.94863385	0.14851418
0.9486265	0.14512292
0.94865304	0.07401275
0.9486458	0.11077615
0.94867224	0.07311909
0.94869024	0.077088855
0.94870824	0.08953459
0.9487262	0.104574986
0.94874406	0.13350233
0.94876194	0.089341186
0.9487546	0.17551258
0.94873047	0.2474007
0.9486979	0.21948496
0.94869065	0.1133327
0.948675	0.15890475
0.9486677	0.15107533
0.9486772	0.1479662
0.94866997	0.16055979
0.9486627	0.119969785
0.94864714	0.1431988
0.9486483	0.10904367
0.9486744	0.07469063
0.94866717	0.197801
0.94870156	0.039031483
0.94873583	0.039435342
0.9487286	0.12128335
0.94872963	0.13250557
0.948739	0.10218659
0.94876486	0.09539809
0.948799	0.06767982
0.94880825	0.11517245
0.948801	0.1619271
0.9488185	0.11765112
0.9487782	0.17942744
0.9487627	0.1519583
0.94878024	0.10692655
0.948773	0.10739292
0.94874936	0.24563713
0.948775	0.087246515
0.9487432	0.21300457
0.94871145	0.20185986
0.94871247	0.14357388
0.94869715	0.14443167
0.9487064	0.13091534
0.94870746	0.10616446
0.94868404	0.12906313
0.94867694	0.1715168
0.94870245	0.044767495
0.9486709	0.25028336
0.9487046	0.08423498
0.94873816	0.11821935
0.94873106	0.13514017
0.94875646	0.06643011
0.9487169	0.1773085
0.94872606	0.0926965
0.9487271	0.10175647
0.9487362	0.15924774
0.9487372	0.118581355
0.9487463	0.1097751
0.9487312	0.13864812
0.9487403	0.12403165
0.9487574	0.115621455
0.9487584	0.10945294
0.94875944	0.12614025
0.9487524	0.18201031
0.9487373	0.16401143
0.9487464	0.14649026
0.94873935	0.1507366
0.9487323	0.18228546
0.9487333	0.1046533
0.94870234	0.17021282
0.9486954	0.15877858
0.94868845	0.119942255
0.9486895	0.11551079
0.94865865	0.19745575
0.94867563	0.10221948
0.9486608	0.18344486
0.9486459	0.16019335
0.9486629	0.10789364
0.9487037	0.03184918
0.9487206	0.1014124
0.94870573	0.23331533
0.9486988	0.10839099
0.94869196	0.19551016
0.9486534	0.21655776
0.9486387	0.12180413
0.94867134	0.06745584
0.9486882	0.11944395
0.94866556	0.14729825
0.94866663	0.11096012
0.9486755	0.0774924
0.94866085	0.19296867
0.94869334	0.054564487
0.94868654	0.11999266
0.9487032	0.11502395
0.94872	0.060316086
0.94873667	0.08298806
0.9487298	0.124478795
0.94873077	0.1363896
0.94875526	0.07740097
0.9487328	0.18505651
0.94874156	0.11930522
0.94871914	0.14155392
0.94867337	0.2048838
0.9486744	0.124779336
0.94866765	0.13778119
0.9486531	0.1474274
0.94866973	0.0862262
0.94864744	0.17254324
0.9486485	0.09979745
0.9486806	0.037584372
0.9486661	0.15729484
0.94865936	0.1284422
0.94864494	0.18314867
0.9486537	0.093503244
0.94861615	0.18296246
0.9486249	0.10323089
0.948626	0.13548999
0.94862705	0.1312212
0.9486127	0.1317648
0.9485984	0.14673628
0.94859946	0.10837888
0.9486159	0.07600649
0.948617	0.12011559
0.94857967	0.17578581
0.94858843	0.11621001
0.94856656	0.1317574
0.9485906	0.10278389
0.9486146	0.08553071
0.9486309	0.1326888
0.94863963	0.08679658
0.94864064	0.12067628
0.9486417	0.09635217
0.9486351	0.15225369
0.9486209	0.19331147
0.948622	0.114388764
0.9486078	0.20022032
0.94863164	0.06322019
0.9486175	0.20047352
0.94857305	0.2606342
0.94858176	0.10830828
0.9485601	0.19284227
0.9485612	0.09865287
0.94856983	0.08476175
0.94854826	0.18151815
0.9485644	0.08984274
0.94857305	0.09574669
0.94854397	0.30070156
0.9485375	0.16248949
0.9485462	0.10775498
0.9485322	0.12788111
0.94853336	0.11681778
0.9485269	0.16939186
0.9485505	0.0945782
0.9485666	0.074844256
0.9485527	0.19581659
0.9485763	0.07583588
0.9485848	0.1451617
0.9486008	0.08017319
0.9486168	0.11735238
0.9486477	0.067237675
0.9486487	0.080657244
0.94865716	0.09699194
0.9486507	0.099458024
0.9486741	0.080916435
0.94868994	0.08712839
0.94869834	0.119743146
0.9487216	0.07412569
0.94872993	0.11281719
0.9487383	0.14832744
0.9487466	0.08488798
0.9487846	0.032405253
0.9487929	0.14473712
0.94879377	0.13842279
0.94881684	0.08029368
0.94881034	0.14176072
0.94881856	0.106134035
0.9488342	0.13965629
0.9488203	0.13055456
0.94880646	0.13818873
0.9488221	0.059273757
0.94883025	0.09847006
0.9488238	0.12322795
0.9487953	0.24776003
0.9487815	0.14071208
0.9487824	0.12100254
0.9487833	0.109775804
0.94877684	0.13489915
0.94877774	0.14039923
0.9487933	0.06890299
0.94877225	0.17319405
0.94875854	0.17792448
0.94878864	0.06369173
0.9488186	0.04085212
0.94881225	0.14201714
0.94879854	0.13774002
0.948814	0.09798089
0.9487857	0.20309988
0.94880116	0.09177447
0.9488238	0.06611736
0.94882464	0.1478252
0.948811	0.102899216
0.9488119	0.15992208
0.94879824	0.25553215
0.94879913	0.17240041
0.94879997	0.14836128
0.9488153	0.11060443
0.9488089	0.14384578
0.9487954	0.21474567
0.9487602	0.22137517
0.94877553	0.07524858
0.9487908	0.07617825
0.94877726	0.13573018
0.948771	0.1242916
0.9487647	0.1576788
0.9487799	0.089728355
0.94879514	0.08412587
0.94881743	0.064034656
0.9488183	0.072125986
0.94883347	0.108116895
0.94882715	0.13172549
0.9488208	0.18076107
0.94882166	0.15468197
0.9488368	0.11274692
0.9488376	0.14294302
0.9488598	0.06580107
0.94883925	0.1621051
0.9488614	0.07924967
0.94886935	0.12650302
0.94884175	0.22814207
0.94881415	0.20931123
0.94880086	0.15668216
0.9488088	0.12699312
0.9488096	0.14310893
0.94879633	0.17372027
0.9488184	0.07874343
0.9488192	0.1673317
0.9488412	0.0709902
0.94884205	0.16478424
0.9488499	0.08757135
0.9488648	0.08117529
0.9488515	0.14385377
0.94883823	0.177551
0.9488461	0.07183208
0.94886094	0.07064837
0.9488758	0.12573808
0.9488836	0.12616941
0.9488774	0.14951172
0.94888514	0.120950006
0.94890696	0.06040665
0.9489147	0.08022159
0.9489155	0.12329423
0.94894415	0.070370734
0.948917	0.16297689
0.9489038	0.19574514
0.9489046	0.15840638
0.9488914	0.15804827
0.94890606	0.10869005
0.9489277	0.06926874
0.9489354	0.11186331
0.9489431	0.10181116
0.9489577	0.052469894
0.9489376	0.16996881
0.9489522	0.14606617
0.9489391	0.14606367
0.9489398	0.115934126
0.94892675	0.15474361
0.9489482	0.06559667
0.9489282	0.1409021
0.94893587	0.06094016
0.94892967	0.15885568
0.94893044	0.11106354
0.94893116	0.13607045
0.9489319	0.13915908
0.9489464	0.094794534
0.94896084	0.06586243
0.9489547	0.107628345
0.9489691	0.17090464
0.9489836	0.08690135
0.9489637	0.13297822
0.94895756	0.14366056
0.948972	0.08744104
0.94896585	0.11760886
0.9489597	0.17476843
0.9489468	0.15591204
0.94896114	0.11592875
0.94893456	0.2204778
0.9489285	0.105089426
0.9489224	0.15790564
0.9489163	0.16287734
0.9489306	0.112993926
0.94891095	0.18657601
0.94890493	0.113934904
0.94891244	0.11497921
0.94891995	0.09283788
0.94889355	0.18871906
0.9488875	0.12647682
0.9488748	0.16541833
0.9488891	0.056578163
0.9489101	0.056478165
0.9489041	0.10965018
0.94891155	0.15078655
0.94891906	0.125991
0.9489198	0.12889574
0.948907	0.13782766
0.9488875	0.17350979
0.9488883	0.1574107
0.9489025	0.095187575
0.9488965	0.13644238
0.9488771	0.3229851
0.9488779	0.22690019
0.9488719	0.1340702
0.94887936	0.10399745
0.9488667	0.11177823
0.94886076	0.17546387
0.94886154	0.10454523
0.94888234	0.051709652
0.9488831	0.10705698
0.94889724	0.07290115
0.9488846	0.11262355
0.948892	0.14593373
0.94887275	0.17122175
0.9488735	0.16159359
0.9488809	0.13648845
0.9488817	0.14884134
0.9488957	0.075399674
0.9488832	0.14352676
0.9489104	0.10705743
0.9488846	0.16305773
0.9488854	0.10407608
0.9488397	0.20396954
0.94885373	0.11483626
0.9488611	0.094507605
0.94884866	0.16150475
0.9488362	0.14567977
0.94882375	0.1418209
0.94883114	0.119444005
0.9488451	0.11972627
0.9488261	0.18820728
0.94884664	0.11734857
0.94885397	0.1417274
0.9488744	0.06558843
0.9488949	0.069959514
0.94890875	0.09962293
0.948916	0.09433423
0.9489364	0.06891307
0.9489371	0.1161607
0.9489444	0.13999194
0.9489385	0.15078565
0.9489261	0.11565368
0.9489268	0.09724737
0.94889486	0.20270708
0.9489086	0.11175063
0.94893545	0.056954328
0.94893616	0.13148592
0.9489303	0.15559147
0.94889843	0.19036674
0.94889915	0.17380117
0.94890636	0.105332606
0.9489136	0.09835329
0.9489013	0.17731808
0.9488761	0.2421892
0.9489027	0.06449903
0.9488775	0.16939484
0.9488912	0.11128161
0.9489049	0.11044594
0.9489185	0.078419335
0.94891924	0.12681441
0.9489264	0.08787296
0.9489206	0.1453254
0.9489407	0.07279964
0.9489543	0.09522444
0.94895494	0.13631953
0.94896203	0.10508901
0.948982	0.2035547
0.94898266	0.09748068
0.9490026	0.081753366
0.9490033	0.10988216
0.94899106	0.15791762
0.9489853	0.12396885
0.9490052	0.052067414
0.9490122	0.105713084
0.9490129	0.16601452
0.9490135	0.09431673
0.9490333	0.06972224
0.94902754	0.13059679
0.9490345	0.12312209
0.9490607	0.07109458
0.9490485	0.16198675
0.9490555	0.12501594
0.94906884	0.076264545
0.9490822	0.08611141
0.9490828	0.11931882
0.9490961	0.09028903
0.9491094	0.0851445
0.9491353	0.061202597
0.9491295	0.15685444
0.94913644	0.10955324
0.94914967	0.11839383
0.9491565	0.08997096
0.94915706	0.14877501
0.9491576	0.12952554
0.9491771	0.051295396
0.94919026	0.10380199
0.9492034	0.07231199
0.9492039	0.11705593
0.9492107	0.114014246
0.9491986	0.24568266
0.949218	0.074541725
0.94924366	0.061751198
0.9492504	0.16501684
0.9492509	0.12596092
0.9492577	0.1811406
0.94925183	0.14271033
0.9492523	0.13151613
0.94925904	0.12108752
0.9492783	0.07146961
0.9492913	0.09660736
0.94929177	0.07982184
0.94926715	0.2321359
0.94926137	0.16893408
0.9492493	0.14506917
0.9492498	0.12246588
0.949269	0.07185046
0.9492757	0.0975225
0.9492637	0.1423525
0.9492641	0.13651147
0.9492708	0.12186079
0.94927126	0.10355778
0.9492966	0.047675375
0.949297	0.122029334
0.9493161	0.088517256
0.9493351	0.06292303
0.9493603	0.096170895
0.9493607	0.14222744
0.94934255	0.120267324
0.94934297	0.15268417
0.9493248	0.1966623
0.94930667	0.24244887
0.9493071	0.17094468
0.94932604	0.07323928
0.94932646	0.1197375
0.9493454	0.0881337
0.9493088	0.20074265
0.94929075	0.20654085
0.94929737	0.13325202
0.94931006	0.12113318
0.94930434	0.16555321
0.9492925	0.17417163
0.9492807	0.14354505
0.94928724	0.11805453
0.94928765	0.13618428
0.9493126	0.09091786
0.9493314	0.09652038
0.94933796	0.08675817
0.94933224	0.14274697
0.94933265	0.124220565
0.9493331	0.14895447
0.94932735	0.13579123
0.94931555	0.13200814
0.9493221	0.10218007
0.9493042	0.16049315
0.94930464	0.095956996
0.94930506	0.13058783
0.9492994	0.13886437
0.9493302	0.052975822
0.94932455	0.14900912
0.9493189	0.09845215
0.9493193	0.114489056
0.9493318	0.07720947
0.94930196	0.23571816
0.9492902	0.19623695
0.9492786	0.13802128
0.9492669	0.17900302
0.9492613	0.15124363
0.9492859	0.0808314
0.94928634	0.13189082
0.94929284	0.09057859
0.94928116	0.14123932
0.94928765	0.14923511
0.9492941	0.09570982
0.9492885	0.12022822
0.94930094	0.11599557
0.9493194	0.05580096
0.9493138	0.1502058
0.9493263	0.110716574
0.94929665	0.20431541
0.9493151	0.114188984
0.9493155	0.101459436
0.94932187	0.11850009
0.9493043	0.13085446
0.9493047	0.1172105
0.9493051	0.111620754
0.9492996	0.13259804
0.9492881	0.12325236
0.94930637	0.081155844
0.9493068	0.087335065
0.9493191	0.059898753
0.9493374	0.096645765
0.9493438	0.10141636
0.94934416	0.102787025
0.9493208	0.21985185
0.94931525	0.17324252
0.94930375	0.273157
0.94930416	0.114880756
0.9493105	0.09252807
0.9493109	0.1256758
0.94929945	0.16515508
0.9492999	0.12693733
0.94931805	0.07275489
0.94932437	0.092812024
0.9493248	0.08929659
0.9493311	0.08718236
0.94931966	0.17206977
0.9492965	0.18669735
0.9492969	0.09488269
0.94931495	0.09211263
0.9492977	0.18091734
0.94928044	0.15332374
0.94928086	0.13117093
0.94926953	0.19203526
0.94926995	0.1439777
0.94927037	0.11777721
0.9492767	0.10994499
0.9492771	0.16217355
0.94928926	0.08506488
0.9492955	0.16051811
0.94929594	0.13381895
0.94929636	0.11340174
0.94931436	0.07761239
0.94932646	0.06651665
0.9493268	0.107364625
0.94932723	0.12542747
0.94932765	0.14691798
0.9493397	0.09681292
0.9493284	0.13273244
0.9493346	0.09700851
0.9493292	0.11224457
0.949347	0.122883596
0.9493358	0.14626221
0.94932455	0.14847074
0.9493249	0.09595871
0.9493311	0.12601538
0.9493141	0.23326091
0.9493145	0.16721058
0.9493207	0.13201961
0.9493095	0.13638811
0.9493331	0.057908677
0.94932187	0.17220967
0.94932806	0.08501505
0.9493053	0.16664085
0.94929993	0.15853885
0.94930613	0.09227704
0.94930077	0.16963701
0.9493127	0.08846268
0.9493304	0.06374311
0.94934803	0.07613536
0.94934845	0.19191717
0.9493661	0.060838364
0.94935495	0.14328599
0.9493668	0.086833544
0.94936717	0.12640542
0.949379	0.10763699
0.9493794	0.083985955
0.9494027	0.05266324
0.94939727	0.12444236
0.9493976	0.10177405
0.94939226	0.1548156
0.94939256	0.15412785
0.9494158	0.06639379
0.94942755	0.08562353
0.9494336	0.07949842
0.9494339	0.12288765
0.94942856	0.11308794
0.9494403	0.10364458
0.9494178	0.2581359
0.94942385	0.17500804
0.9494071	0.15247513
0.9494245	0.085665666
0.9494362	0.07036566
0.94941944	0.1480628
0.9494311	0.09262393
0.9494258	0.13754992
0.9494148	0.14757925
0.94942075	0.11733635
0.94941545	0.13566995
0.9494214	0.104409896
0.94942176	0.11647144
0.94941646	0.13898215
0.94941676	0.13081412
0.9494227	0.065481625
0.94942874	0.10351955
0.9494347	0.10824215
0.94942373	0.13068764
0.9494466	0.053589296
0.9494582	0.08858119
0.9494754	0.06501016
0.9494588	0.20575687
0.9494591	0.10293978
0.9494594	0.12897657
0.94945407	0.10504144
0.94944316	0.20450634
0.9494603	0.049795404
0.9494606	0.18247288
0.9494609	0.15872964
0.9494556	0.15493807
0.9494391	0.14961456
0.9494338	0.1620074
0.94943416	0.10355925
0.94942325	0.14932705
0.9494292	0.085189134
0.94944066	0.06857983
0.94944656	0.12530416
0.94945246	0.0981599
0.94945836	0.13501373
0.9494642	0.14100018
0.9494478	0.19560203
0.94943696	0.140462
0.9494262	0.13635829
0.94944316	0.07890953
0.94942683	0.23331961
0.94944936	0.043231674
0.94943297	0.11160939
0.94942224	0.14391622
0.94942254	0.09383009
0.9494173	0.11226623
0.94942874	0.07100348
0.9494456	0.07944187
0.94944596	0.10051423
0.9494407	0.084312275
0.94943	0.15357019
0.9494524	0.07175598
0.9494637	0.11215904
0.94946957	0.106330134
0.9494864	0.08156488
0.9494646	0.2519964
0.9494649	0.13837111
0.94949275	0.05170466
0.949493	0.15714234
0.9494878	0.10137804
0.9494936	0.07371477
0.9494938	0.09027743
0.9494941	0.13746877
0.9494944	0.100513674
0.9495056	0.09372757
0.94950044	0.13267317
0.94951165	0.15031031
0.94951195	0.15804146
0.9495067	0.13452522
0.94947964	0.2577514
0.94945806	0.20920837
0.94945836	0.1840301
0.94945866	0.10922494
0.94945896	0.12768465
0.94947016	0.07682633
0.94945955	0.17204204
0.94945437	0.17382294
0.9494329	0.16283183
0.94943863	0.1803424
0.9494281	0.16850579
0.94945014	0.041290067
0.94945586	0.10876703
0.949467	0.11205022
0.94948906	0.07463168
0.9494676	0.17508529
0.9494733	0.079669915
0.9494736	0.13394389
0.94946307	0.1534509
0.94945794	0.17827694
0.949442	0.14790611
0.9494369	0.13615888
0.9494372	0.108081244
0.9494105	0.1730179
0.9494108	0.16949557
0.94940037	0.14814661
0.94941145	0.086850904
0.9494064	0.13505185
0.94942826	0.048026938
0.9494124	0.15393493
0.9494181	0.13955183
0.9494184	0.09563615
0.94940263	0.17112745
0.9494083	0.07252508
0.94942474	0.08317177
0.94944113	0.06098633
0.9494468	0.103203624
0.9494471	0.10840395
0.9494474	0.12459587
0.9494316	0.19133301
0.9493998	0.2205352
0.9494215	0.13599123
0.9494058	0.23739602
0.94941145	0.11141403
0.9494171	0.09585802
0.94940674	0.15916109
0.9494177	0.07042388
0.94943935	0.07998764
0.9494503	0.066016205
0.9494613	0.111116655
0.9494616	0.088589944
0.9494512	0.17768583
0.9494249	0.19773561
0.9494146	0.12247694
0.9494043	0.15852578
0.9493993	0.14034815
0.9493943	0.113165244
0.9494052	0.09477562
0.94940555	0.1484592
0.94940054	0.14550237
0.94942206	0.052279077
0.9494012	0.1748777
0.9493962	0.17200674
0.9494071	0.12188203
0.94940215	0.15020782
0.94938135	0.17621237
0.94938695	0.12635231
0.94939256	0.09103509
0.94939286	0.101112016
0.9493826	0.19123241
0.94938296	0.12097419
0.949378	0.1658676
0.9493941	0.070435256
0.94939446	0.10346521
0.94939476	0.14538923
0.9493898	0.11350855
0.9494059	0.08207968
0.9494062	0.14767331
0.94942224	0.09022865
0.94942254	0.11273534
0.9494386	0.10220423
0.9494546	0.07609406
0.9494339	0.24843723
0.94944996	0.062435832
0.94943976	0.11358571
0.9494296	0.10987502
0.94942987	0.1197555
0.949425	0.15954456
0.9494096	0.22149152
0.9494099	0.17322624
0.9494259	0.07391308
0.94944704	0.06570788
0.9494421	0.13874455
0.9494476	0.10148896
0.9494375	0.15744439
0.949443	0.10588063
0.94944847	0.122450635
0.9494435	0.13444887
0.94942826	0.2036722
0.9494441	0.07737374
0.9494237	0.2327714
0.9494084	0.22452056
0.949388	0.17443945
0.94937795	0.15398571
0.9493938	0.09285376
0.9493838	0.17516258
0.9493893	0.12255317
0.94939476	0.0592777
0.94939506	0.10028445
0.94940567	0.107571535
0.94942147	0.07959499
0.94941664	0.14403878
0.949386	0.26598036
0.9493812	0.11137277
0.94938666	0.103009775
0.9493921	0.13108794
0.9494027	0.08947624
0.949403	0.11414289
0.9494033	0.12221135
0.9493831	0.17471682
0.94940907	0.07003698
0.9494145	0.09609549
0.94940966	0.17211585
0.9494151	0.11845087
0.94940513	0.12246578
0.9494157	0.07764173
0.9494364	0.051544484
0.9494367	0.09132423
0.94942683	0.15782858
0.949422	0.14961761
0.9494325	0.10313202
0.949443	0.11123428
0.9494433	0.14985591
0.9494436	0.15264224
0.94942856	0.21414904
0.94943905	0.08311361
0.9494444	0.08658136
0.9494345	0.15020388
0.94944495	0.08616251
0.9494605	0.064120285
0.9494659	0.12552463
0.9494763	0.115644604
0.9494867	0.09118645
0.94950724	0.069226526
0.9495176	0.07975448
0.94951284	0.15563911
0.94953334	0.06401601
0.94952345	0.12613548
0.9495237	0.11859941
0.949529	0.1367377
0.9495393	0.10291283
0.94951934	0.23756652
0.94952464	0.1504721
0.94952995	0.08723777
0.9495352	0.09120036
0.9495405	0.115128614
0.94953567	0.114522316
0.949551	0.069588125
0.94956636	0.07024178
0.94956654	0.09981558
0.9495718	0.14086133
0.94956195	0.13384096
0.9495622	0.14330682
0.94956744	0.089370795
0.9495626	0.121500485
0.94956285	0.16468626
0.949543	0.19526154
0.94955325	0.11552745
0.94953346	0.16871962
0.9495287	0.12123124
0.94953394	0.07883274
0.9495342	0.08675691
0.9495244	0.19753145
0.9495396	0.07403538
0.94953483	0.20419638
0.9495401	0.09085502
0.9495503	0.06878784
0.9495655	0.07722344
0.94957566	0.13771059
0.94957584	0.11441225
0.949581	0.133941
0.9495862	0.13979474
0.94958144	0.11083037
0.94960153	0.036424622
0.94961166	0.07990284
0.9496119	0.1078243
0.9496021	0.13809219
0.94958746	0.18291782
0.9495827	0.15563923
0.9495978	0.05268374
0.94961286	0.09332275
0.9495883	0.19161367
0.9495588	0.29229146
0.94954914	0.20196104
0.9495592	0.076398924
0.9495545	0.15118645
0.9495498	0.11988633
0.94955003	0.15287204
0.9495354	0.12390882
0.9495307	0.1652441
0.94954574	0.09478905
0.94955087	0.15816084
0.9495511	0.10949112
0.9495612	0.09805207
0.94957125	0.07751251
0.94958127	0.12501846
0.9495864	0.13158493
0.94958663	0.15045677
0.949577	0.167615
0.94959193	0.06910061
0.9495823	0.15263046
0.9495923	0.1001842
0.94958764	0.12528172
0.94957805	0.18225843
0.9495929	0.06423179
0.949598	0.09832123
0.9496031	0.100636594
0.94960326	0.11825937
0.9496035	0.095138796
0.94960856	0.095100075
0.94960874	0.096021
0.94960403	0.17985052
0.9496189	0.07158082
0.94962394	0.114235766
0.9496339	0.073537625
0.9496292	0.10567543
0.94962937	0.13735667
0.94963443	0.09989653
0.94962484	0.15694447
0.9496299	0.13474187
0.9496447	0.05107756
0.9496497	0.08024862
0.9496644	0.06835584
0.94967425	0.09418358
0.9496599	0.19551788
0.94966006	0.12532969
0.94965535	0.14601786
0.9496459	0.17302349
0.9496509	0.11151109
0.9496317	0.15627885
0.94964635	0.11377824
0.949661	0.05854297
0.94965154	0.14998913
0.9496469	0.12484524
0.94964707	0.13044381
0.94963276	0.12896648
0.9496378	0.12602516
0.94964755	0.10523755
0.94965255	0.105511054
0.949672	0.043798223
0.9496721	0.13071567
0.9496627	0.16100796
0.9496532	0.17509122
0.9496534	0.11935613
0.9496344	0.17856911
0.9496345	0.10700068
0.9496395	0.15485653
0.9496205	0.16910408
0.94962543	0.123622134
0.94963044	0.07412004
0.94962585	0.1146385
0.9496308	0.1489882
0.9496166	0.15042369
0.9496264	0.07529418
0.94961697	0.21712895
0.9496076	0.1592917
0.9496173	0.11645919
0.9496223	0.102603
0.94962245	0.14445472
0.9496036	0.1833177
0.94960856	0.10749595
0.9496135	0.115866005
0.9496137	0.15785828
0.9496091	0.110842496
0.9496188	0.08769063
0.9496142	0.15360542
0.9496144	0.13096175
0.9495956	0.23808105
0.94959104	0.10397114
0.94958174	0.1726255
0.94955826	0.25169653
0.9495537	0.20748329
0.94957286	0.067908704
0.94957304	0.15688977
0.94958276	0.06205486
0.94958764	0.09056479
0.9495784	0.20035532
0.9495739	0.120228246
0.94956464	0.15775628
0.9495601	0.11672121
0.94955087	0.23687565
0.94956523	0.08574578
0.9495702	0.1290006
0.9495798	0.08789263
0.9495706	0.12337777
0.9495802	0.10685734
0.9495851	0.1614414
0.94958526	0.094952814
0.9495855	0.14953281
0.9495904	0.11740699
0.9496	0.09600194
0.94959545	0.23622654
0.94959563	0.13289243
0.9496052	0.11913619
0.94958663	0.18865968
0.9495962	0.07841372
0.9495964	0.10278572
0.9496013	0.09928288
0.94959676	0.15963289
0.94960165	0.113609746
0.94960654	0.10592676
0.949616	0.06673605
0.9495882	0.2103212
0.94959307	0.07751439
0.94960725	0.08011154
0.9496168	0.081336536
0.94961226	0.1314117
0.9496218	0.07650408
0.9496313	0.061553083
0.94961745	0.13515614
0.94963163	0.08186898
0.94962716	0.13315581
0.9496413	0.057599388
0.9496414	0.12846969
0.9496509	0.104012534
0.94963247	0.18203601
0.94964194	0.113211215
0.9496328	0.13144699
0.949633	0.13604815
0.94962853	0.16447487
0.9496287	0.10616667
0.9496335	0.14048962
0.94963366	0.111073196
0.94963384	0.13562638
0.949634	0.1301281
0.94962955	0.1266027
0.94963896	0.08144412
0.94962066	0.14587076
0.9496301	0.06912227
0.94963485	0.11314021
0.9496396	0.11501787
0.9496536	0.053765804
0.949663	0.101535216
0.9496539	0.13273217
0.9496541	0.17522816
0.9496589	0.10113597
0.949659	0.10738175
0.94967294	0.053943478
0.9496685	0.15317921
0.9496411	0.2321748
0.9496367	0.11835785
0.9496231	0.12527736
0.949637	0.064509176
0.9496372	0.14521042
0.9496511	0.068473004
0.9496604	0.06367381
0.9496697	0.09960344
0.949679	0.06822513
0.9496837	0.08847278
0.9496976	0.07827389
0.9496932	0.13226433
0.94971156	0.07008342
0.9497254	0.06742469
0.94972557	0.10177214
0.9497211	0.14164928
0.9497121	0.17323022
0.94969404	0.2684777
0.9497033	0.085244656
0.9497034	0.09583739
0.94971716	0.07439365
0.9496991	0.22459464
0.94970834	0.07138498
0.94971305	0.104966514
0.9497177	0.10607143
0.94972235	0.10825603
0.9497316	0.10764915
0.94974077	0.104987346
0.9497409	0.14972845
0.94973195	0.12741767
0.94972754	0.14165157
0.94974124	0.07624021
0.9497504	0.09829092
0.94975054	0.12192815
0.9497687	0.04806687
0.94976884	0.12925763
0.94975084	0.16345024
0.94976	0.09174003
0.94977367	0.059999447
0.94977826	0.15577021
0.94977385	0.12499088
0.9497965	0.029681386
0.9497831	0.2294543
0.9497877	0.09227074
0.94979674	0.1313332
0.94979686	0.13311413
0.9498059	0.0811516
0.94979256	0.16439882
0.9498061	0.054814648
0.9498152	0.071035706
0.9498153	0.111856654
0.94981533	0.08036286
0.9498109	0.12592004
0.94980204	0.14753905
0.9497977	0.14187674
0.9497933	0.11550579
0.9498113	0.06692218
0.9498248	0.04327311
0.9498338	0.0851698
0.9498294	0.10169377
0.949834	0.10898809
0.94983405	0.12109415
0.94982964	0.13994494
0.94982976	0.16543294
0.9498343	0.07118517
0.9498254	0.28171033
0.94982994	0.18001106
0.94983447	0.09882268
0.949839	0.09292279
0.949848	0.09358573
0.9498525	0.10567245
0.94986147	0.08051832
0.94984376	0.24443571
0.9498527	0.0676565
0.94985723	0.107975796
0.9498528	0.114756815
0.9498485	0.11836028
0.9498441	0.2054692
0.9498442	0.096472025
0.94983095	0.13446309
0.949831	0.12216146
0.94981337	0.16951384
0.9498179	0.12481189
0.94982684	0.103615664
0.9498269	0.108496234
0.94982696	0.12654936
0.9498359	0.07074688
0.94983596	0.10159912
0.94984484	0.07549157
0.9498537	0.06663916
0.94985384	0.11203902
0.9498539	0.13659416
0.9498407	0.16830923
0.9498364	0.17681707
0.94982326	0.18376389
0.94982773	0.10398028
0.949819	0.14375047
0.9498235	0.10475824
0.94982356	0.16561075
0.9498236	0.12756291
0.9498281	0.12496243
0.94983256	0.15240385
0.94984144	0.083478734
0.94985026	0.07856812
0.9498591	0.079117626
0.9498416	0.21007767
0.94985485	0.06870172
0.94985926	0.091959074
0.9498681	0.10298368
0.9498638	0.18001597
0.94985944	0.12032509
0.94985515	0.14016384
0.9498683	0.11524382
0.94987273	0.09131037
0.9498597	0.12690875
0.94985974	0.15859224
0.9498729	0.07611539
0.9498817	0.1410172
0.9498774	0.13370511
0.9498818	0.13673906
0.9498775	0.13668756
0.9498732	0.122177236
0.9498732	0.114016496
0.94987327	0.12137577
0.949869	0.1327084
0.94986904	0.13123663
0.94987345	0.1140873
0.9498648	0.18562864
0.9498519	0.20690529
0.9498513	0.10639897
0.94982964	0.16403864
0.94981676	0.22169721
0.9498212	0.11233659
0.94982123	0.17568761
0.949817	0.11620192
0.94982135	0.10132896
0.9498171	0.13831574
0.9498259	0.073271096
0.9498216	0.15092814
0.9498303	0.085400105
0.9498002	0.2163356
0.9497873	0.14595722
0.9497917	0.13562989
0.94979185	0.08579309
0.9497833	0.18492447
0.9497877	0.104207255
0.9497964	0.092126824
0.9497793	0.15060276
0.9497794	0.1446442
0.94977945	0.13096412
0.94979244	0.07401659
0.94979686	0.0977556
0.9498012	0.07521879
0.9498013	0.14503358
0.9498057	0.19841343
0.9497929	0.14707786
0.9497973	0.10877299
0.9498016	0.08064686
0.94979745	0.17943577
0.9498018	0.11925942
0.94981045	0.053657953
0.949802	0.120619565
0.9497892	0.2711483
0.94978505	0.17876977
0.9498022	0.10525683
0.94979805	0.107888244
0.9498024	0.09051732
0.9497982	0.12148639
0.9498026	0.09060033
0.9498069	0.14235093
0.9498113	0.07907937
0.94981986	0.07167892
0.9498242	0.10232092
0.9498243	0.11350059
0.94983286	0.0736807
0.9498244	0.13710557
0.949833	0.07267761
0.9498288	0.14410062
0.94983315	0.08997528
0.9498247	0.16364418
0.9498078	0.1744906
0.94980365	0.15072668
0.9498207	0.058283452
0.9498123	0.14021212
0.9498166	0.099220045
0.9498125	0.14503808
0.94981676	0.06550764
0.9498253	0.114969775
0.94983804	0.05463048
0.94982547	0.16384163
0.9498255	0.114837855
0.9498256	0.12894857
0.9498257	0.093471326
0.9498173	0.08584961
0.94981736	0.102119915
0.9498259	0.07723178
0.9498344	0.080273494
0.9498429	0.08473119
0.94984716	0.095937565
0.94985145	0.14039494
0.9498473	0.18980443
0.94983053	0.22324587
0.9498306	0.11798703
0.9498307	0.114197224
0.94983494	0.12670767
0.94983083	0.11485862
0.9498267	0.11900489
0.9498184	0.22897452
0.9498101	0.1655492
0.94981015	0.11221096
0.94980186	0.20163058
0.9498019	0.12197565
0.9498104	0.082556896
0.9498147	0.17191336
0.9498064	0.1875066
0.9497897	0.15719
0.94979817	0.056112994
0.94980246	0.13397746
0.94979835	0.14901078
0.9498151	0.06787539
0.9497985	0.18238197
0.9498111	0.06773681
0.94981533	0.0904588
0.94981956	0.10468012
0.94982386	0.09190164
0.9498239	0.18267238
0.9498323	0.07987858
0.9498199	0.15003712
0.9498158	0.115248516
0.94979924	0.123747736
0.94980764	0.06430539
0.9497994	0.16907735
0.94979954	0.11270223
0.9497996	0.13754056
0.9497914	0.20750892
0.9497832	0.17399481
0.94978327	0.109201565
0.9497792	0.15606926
0.9497876	0.09682351
0.9497918	0.102416076
0.9498043	0.1027252
0.9498168	0.097085945
0.9498169	0.15033174
0.9498252	0.05682744
0.9498253	0.10573296
0.9498171	0.167705
0.9498254	0.08745325
0.94982135	0.13159084
0.94981736	0.14172116
0.94982976	0.078955114
0.9498381	0.07208528
0.94982576	0.16873741
0.94981766	0.10548078
0.9498177	0.09756719
0.94980544	0.13472824
0.94982195	0.064187996
0.94983846	0.052952815
0.9498221	0.15814376
0.9498304	0.09485833
0.949814	0.2202884
0.94981	0.108331576
0.9498101	0.1332509
0.9498061	0.13310215
0.94980615	0.11711251
0.94981444	0.09959589
0.9498227	0.08700149
0.9498187	0.11777479
0.9498147	0.15023085
0.9498229	0.12891069
0.94983935	0.060384892
0.9498394	0.083227284
0.9498313	0.14583513
0.9498273	0.13764282
0.94982326	0.10759189
0.94981927	0.15547524
0.9498071	0.18091197
0.94981533	0.11436443
0.9498073	0.18751019
0.9498114	0.11637677
0.9498237	0.074313514
0.9498197	0.10488646
0.9498361	0.040151194
0.9498402	0.12712446
0.9498443	0.11420513
0.94984436	0.10805442
0.9498444	0.09342523
0.9498567	0.08765617
0.9498608	0.1526877
0.9498568	0.12908825
0.94986093	0.08362368
0.9498691	0.10366821
0.94987726	0.068989746
0.94986916	0.11969123
0.9498571	0.14567186
0.94986117	0.07505032
0.94986933	0.08607975
0.94987345	0.08887263
0.94986945	0.16053635
0.94985735	0.13108021
0.94984126	0.13793817
0.9498413	0.085229814
0.94984543	0.10757015
0.94984955	0.08285811
0.94985765	0.1102549
0.94986176	0.087819904
0.9498699	0.111196324
0.94986993	0.07637907
0.94987	0.109844044
0.94985396	0.16787438
0.94984597	0.12251853
0.949846	0.11788931
0.94983804	0.21942951
0.9498421	0.084553644
0.9498462	0.08251833
0.9498623	0.05231863
0.9498744	0.07773979
0.94987446	0.1501341
0.9498625	0.13263525
0.94986254	0.12942922
0.9498586	0.12824816
0.94986665	0.11140633
0.94985867	0.121437654
0.94985074	0.18908092
0.9498588	0.052522745
0.94986683	0.07123622
0.9498749	0.09342308
0.94986296	0.16507468
0.949879	0.054281574
0.94987905	0.087145224
0.9498831	0.13694961
0.9498911	0.10291169
0.94988716	0.11698426
0.9498912	0.061593164
0.94989127	0.10800342
0.94989926	0.13484381
0.94990325	0.12517586
0.94991124	0.052579656
0.9499232	0.06240247
0.9499193	0.118008025
0.94991535	0.14268549
0.94991934	0.11907118
0.9499194	0.113176115
0.9499075	0.18191472
0.94990355	0.13741305
0.94991946	0.034074098
0.9499076	0.16230609
0.9499195	0.066848055
0.9499156	0.16394383
0.9499315	0.043722577
0.9499355	0.13096552
0.94994736	0.09594216
0.9499474	0.15001011
0.9499316	0.24006796
0.9499316	0.11696527
0.9499316	0.096690595
0.94992375	0.12426369
0.9499238	0.12698781
0.9499199	0.09233527
0.9499081	0.16939718
0.9499042	0.19784874
0.94989634	0.11162342
0.9499003	0.116933726
0.9498964	0.15536192
0.9499122	0.054013316
0.94991225	0.09859833
0.9499044	0.15089662
0.9499123	0.11274869
0.94992024	0.120517686
0.9499281	0.08839342
0.9499242	0.15669453
0.94992816	0.094046086
0.94992036	0.17557357
0.9499164	0.11444306
0.9499165	0.1259116
0.9499087	0.16597545
0.9499126	0.09214851
0.9499205	0.0879898
0.9499166	0.16094773
0.94992054	0.07780902
0.9499284	0.056687918
0.9499128	0.18538414
0.9499245	0.05721366
0.94992846	0.10499427
0.94993633	0.076533765
0.94993633	0.15826887
0.94993246	0.12603973
0.9499364	0.09149224
0.9499325	0.11721965
0.9499404	0.08830799
0.9499482	0.13747023
0.9499677	0.050219607
