0.99	0.07976447
0.975	0.08461822
0.9633333	0.1323644
0.965	0.12361275
0.964	0.07873145
0.96166664	0.18122083
0.9628571	0.083564825
0.95625	0.15967864
0.9533333	0.12331284
0.955	0.09506717
0.95181817	0.18836397
0.9508333	0.12133725
0.95076925	0.15894964
0.94857144	0.14995036
0.9493333	0.12925215
0.950625	0.09927443
0.95	0.13172942
0.9494445	0.14571182
0.94842106	0.15021764
0.947	0.13096173
0.9457143	0.1969011
0.94545454	0.14026648
0.9452174	0.12839918
0.9458333	0.13098612
0.9464	0.14469951
0.9461538	0.09911309
0.94666666	0.15922312
0.9457143	0.25232163
0.94655174	0.08360876
0.94633335	0.15309611
0.946129	0.15825607
0.945625	0.14015396
0.9460606	0.10995428
0.9458824	0.12270548
0.94542855	0.1519929
0.9458333	0.1075383
0.9462162	0.110763624
0.9471053	0.058004327
0.94641024	0.2214952
0.9465	0.1299743
0.94707316	0.11151451
0.94738096	0.116182566
0.94813955	0.0740321
0.9472727	0.19820504
0.94622225	0.18739857
0.9463043	0.13202171
0.9459574	0.15796705
0.94625	0.1408506
0.94673467	0.14217466
0.9474	0.08116944
0.9472549	0.22043079
0.9469231	0.14506795
0.9473585	0.15448138
0.94777775	0.090913594
0.9472727	0.20198691
0.94785714	0.076671414
0.94789475	0.12831096
0.94793105	0.10457094
0.94881356	0.056271162
0.9486667	0.1533153
0.9478688	0.24118103
0.9480645	0.06359186
0.94777775	0.14016676
0.9482812	0.076917134
0.94846153	0.11884884
0.94848484	0.10035375
0.94865674	0.17809162
0.9479412	0.27229282
0.94753623	0.16175775
0.94714284	0.16577429
0.9470422	0.13711345
0.94708335	0.121342964
0.94726026	0.14206132
0.9475676	0.099594936
0.94773334	0.081798926
0.94828945	0.06564741
0.9481818	0.12727872
0.94846153	0.100288905
0.9481013	0.21507572
0.948375	0.06985123
0.94814813	0.23592897
0.9482927	0.084392354
0.94843376	0.1113257
0.94809526	0.14979722
0.948	0.1673129
0.94837207	0.083670616
0.94793105	0.23542188
0.9478409	0.13529716
0.94775283	0.10033566
0.94777775	0.12532164
0.94769233	0.12802453
0.9478261	0.19566967
0.9477419	0.1133349
0.9474468	0.19093733
0.9472632	0.13224554
0.9472917	0.1716055
0.9471134	0.19430728
0.9472449	0.07087272
0.9470707	0.13654643
0.9465	0.29315844
0.9458416	0.20600553
0.9458824	0.15589087
0.9454369	0.23893638
0.9453846	0.1693771
0.9455238	0.10777588
0.9451887	0.22973478
0.9450467	0.16290592
0.9449074	0.15015203
0.9446789	0.15756544
0.94463634	0.108030565
0.9445045	0.14841895
0.9442857	0.16272129
0.9440708	0.15506515
0.9435965	0.20899396
0.9437391	0.12747735
0.9434483	0.17631489
0.94299144	0.17132686
0.9431356	0.13581277
0.9431092	0.11635373
0.9429167	0.1852994
0.94305784	0.16056113
0.9430328	0.1544757
0.9431707	0.110683806
0.94330645	0.15708743
0.94288	0.20637217
0.9430159	0.10105679
0.9430709	0.17199303
0.94320315	0.12274621
0.9427907	0.2286965
0.9426923	0.19776678
0.94251907	0.17328939
0.94257575	0.11099803
0.942406	0.16007914
0.9421642	0.19677559
0.94244444	0.068601884
0.94213235	0.20969862
0.94218975	0.12585041
0.9423913	0.10072583
0.9423741	0.15989268
0.9424286	0.13933998
0.94255316	0.14629634
0.9426056	0.10325121
0.9427972	0.10865403
0.94277775	0.15936504
0.9427586	0.10755734
0.9428082	0.13467255
0.94285715	0.16057858
0.9431757	0.06253006
0.94315434	0.18188065
0.94306666	0.15576205
0.942649	0.25589365
0.94282895	0.13875839
0.9428758	0.095468625
0.94292206	0.1131948
0.9429032	0.14001995
0.94301283	0.14715335
0.943121	0.12084727
0.9432278	0.082512096
0.94327044	0.15002987
0.9431875	0.17880788
0.9431056	0.14384043
0.9432099	0.12303267
0.9431288	0.12838718
0.9432317	0.08376466
0.9432727	0.13274655
0.9431928	0.18213195
0.9432934	0.104885586
0.9432738	0.14096078
0.9433136	0.1904799
0.9432941	0.14006925
0.94327486	0.12800378
0.94343024	0.13410969
0.9434682	0.13658684
0.9433333	0.18828629
0.9433714	0.12049844
0.9432386	0.19781862
0.94299436	0.19262278
0.9428652	0.17890823
0.9427374	0.15007973
0.9421667	0.33289242
0.94232047	0.1212707
0.94214284	0.18439886
0.94234973	0.096941054
0.94211954	0.19211897
0.942	0.14081027
0.942043	0.16503754
0.942139	0.10423854
0.9418085	0.24036877
0.9416931	0.22565031
0.9416842	0.13943006
0.9415183	0.25433797
0.94145834	0.17942695
0.9414508	0.12428262
0.9414433	0.13425155
0.9414872	0.12898982
0.94168365	0.07764933
0.9416751	0.11970749
0.94151515	0.15169899
0.9416583	0.07899828
0.94165	0.14776222
0.9413433	0.2575598
0.9410891	0.22119568
0.94118226	0.117883444
0.9410294	0.16453403
0.94087803	0.21587645
0.9409223	0.14096911
0.9409662	0.13406108
0.9410577	0.08470546
0.9411005	0.14236034
0.9411905	0.07225938
0.9411848	0.12623505
0.94099057	0.29626843
0.9409859	0.11790642
0.9409346	0.14803809
0.9411163	0.11640604
0.9411111	0.17585658
0.9410599	0.15900399
0.9411468	0.1286065
0.9410046	0.1911726
0.94104546	0.09376648
0.94113123	0.108723275
0.94103605	0.18638074
0.9411659	0.07992937
0.94125	0.08905414
0.94115555	0.16819648
0.94097346	0.23982155
0.9411013	0.08371166
0.94100875	0.13904516
0.94113535	0.12633075
0.94113046	0.15488215
0.9411255	0.12636895
0.94125	0.090618506
0.94124466	0.10768804
0.9413248	0.09200086
0.9412766	0.1508674
0.94135594	0.07024412
0.9413502	0.14727212
0.94142854	0.12830415
0.9414644	0.13760892
0.9415417	0.1011094
0.94145226	0.23387055
0.94136363	0.15650041
0.94152266	0.112112686
0.9417213	0.06471698
0.9417551	0.11280774
0.9417886	0.18297388
0.9417409	0.1665086
0.94185483	0.18828557
0.9417269	0.18289544
0.94168	0.19839056
0.94179285	0.12764777
0.94174606	0.13505061
0.9416996	0.16457659
0.9417716	0.1167731
0.94184315	0.12939526
0.941875	0.111399375
0.9418677	0.15353844
0.9418217	0.14274016
0.9418533	0.12452245
0.9418077	0.2224545
0.9419157	0.114744924
0.94183207	0.18179403
0.94178706	0.15046923
0.94189394	0.11532948
0.9418868	0.17611049
0.9418797	0.22752294
0.94187266	0.13861036
0.9419776	0.09448498
0.9418959	0.1527468
0.942	0.095028944
0.94202954	0.12592176
0.9419853	0.19804464
0.9420513	0.17474373
0.94218975	0.08606924
0.9422182	0.16391027
0.9422826	0.14243287
0.9423466	0.14262743
0.94226617	0.15225536
0.94222224	0.17400742
0.94203573	0.24477667
0.9419217	0.17758758
0.9418085	0.20379587
0.94183743	0.14314748
0.9419014	0.11284357
0.94182456	0.20757332
0.9417133	0.2083708
0.941777	0.12023838
0.9417361	0.23112187
0.9417647	0.17822132
0.94186205	0.07538599
0.94178694	0.14100298
0.9418151	0.13374709
0.94174063	0.20768185
0.9417007	0.16598116
0.94172883	0.111916065
0.9416892	0.13881491
0.94171715	0.078599006
0.9416443	0.18850416
0.94173914	0.09880927
0.9417	0.20484446
0.9416944	0.11385414
0.9415563	0.19114862
0.94165015	0.10839984
0.9416118	0.19761963
0.9414754	0.21208811
0.94133985	0.31690627
0.9413681	0.11526856
0.941461	0.091110185
0.9415858	0.07629106
0.94158065	0.16340639
0.9416077	0.12808383
0.9416026	0.14079389
0.9415655	0.17049585
0.9416879	0.0960222
0.9417143	0.12696022
0.9416772	0.15433165
0.9417035	0.15596439
0.94166666	0.15544184
0.94169277	0.0953881
0.9416875	0.17547135
0.94161993	0.14956382
0.9417081	0.115441665
0.94164085	0.18357487
0.9417901	0.064698555
0.9417846	0.20596214
0.94177914	0.17944461
0.941896	0.07854468
0.94189024	0.11540684
0.9419149	0.10744113
0.94175756	0.17285481
0.94175225	0.13782072
0.94171685	0.12873355
0.9416216	0.20532978
0.94158685	0.21835192
0.9415522	0.12273568
0.9414881	0.17824298
0.9413947	0.15712649
0.94147927	0.09925203
0.9415634	0.09907783
0.9415294	0.24972911
0.9416422	0.07578621
0.9415497	0.18613999
0.941691	0.06361899
0.94168603	0.17942898
0.94173914	0.13410491
0.9417341	0.1628148
0.94178677	0.11010951
0.9417816	0.17003727
0.9418338	0.11126813
0.94168574	0.25358573
0.9416239	0.21351857
0.9416477	0.13427684
0.94172806	0.09142924
0.9418362	0.06309718
0.94177467	0.16267559
0.94182587	0.13546702
0.9417927	0.18063416
0.9418156	0.13296057
0.94183844	0.113116235
0.94191664	0.115075566
0.94193906	0.11710847
0.94198895	0.124799944
0.94206613	0.09488224
0.942033	0.16824053
0.94208217	0.11984243
0.94215846	0.104376085
0.9420981	0.17249593
0.9422011	0.09540701
0.9421951	0.16270195
0.9422162	0.099883184
0.94221026	0.17187391
0.9423118	0.06557624
0.9422252	0.20986713
0.9421925	0.22824402
0.94218665	0.12620465
0.9422606	0.09107171
0.94222814	0.12436042
0.9422751	0.099197105
0.9423483	0.105609804
0.9424211	0.06974461
0.94249344	0.12902778
0.94243455	0.2390575
0.9424543	0.14457077
0.9425521	0.071808286
0.9424156	0.27475986
0.9423057	0.18792684
0.9422997	0.17485815
0.94224226	0.19354127
0.9423136	0.07077816
0.9423077	0.19521627
0.9424041	0.10160609
0.9424745	0.08572111
0.9424936	0.10587403
0.9425381	0.07358096
0.9426329	0.08601928
0.94252527	0.16033012
0.94239295	0.24215026
0.9424874	0.07167216
0.9424812	0.12228755
0.942425	0.13374284
0.9424439	0.12683979
0.9424627	0.12645996
0.94240695	0.12434185
0.94247526	0.09588551
0.9425679	0.08280776
0.94251233	0.20764111
0.9424816	0.13113116
0.942451	0.14038676
0.942445	0.09745329
0.9424634	0.11249951
0.94248176	0.14492759
0.94242716	0.19622488
0.9424455	0.13000545
0.94246376	0.1159157
0.94248194	0.18696001
0.9425481	0.10888421
0.94258994	0.113952845
0.9426316	0.11613958
0.9426253	0.16336943
0.9426905	0.10013784
0.9426366	0.1951354
0.94274884	0.0606678
0.9427423	0.12327897
0.9426887	0.12804925
0.9426823	0.12222426
0.94267607	0.12449236
0.9426464	0.16950922
0.9426402	0.12326967
0.94251746	0.24100628
0.9424651	0.19689487
0.9424594	0.12507552
0.9423611	0.26291296
0.94242495	0.13294302
0.94241935	0.16130169
0.94245976	0.07211724
0.94240826	0.18334872
0.94226545	0.23346089
0.94223744	0.15195589
0.94225514	0.10658114
0.9421818	0.17062989
0.94222224	0.13839978
0.94228506	0.111199185
0.94234765	0.09124706
0.9423649	0.18599653
0.942427	0.06496642
0.94244397	0.17956188
0.94246083	0.11292663
0.9425	0.10892864
0.9426058	0.071035765
0.9426889	0.09645035
0.9426164	0.17995255
0.9425664	0.18964534
0.94262695	0.11908413
0.9425991	0.16378777
0.9427033	0.094084986
0.94269735	0.1400318
0.942779	0.08931297
0.94286025	0.08125707
0.9428105	0.20192212
0.94286954	0.10829449
0.94286335	0.122549795
0.9429004	0.08691848
0.9428726	0.17102998
0.9429095	0.16811727
0.9429032	0.1675097
0.94281113	0.24259467
0.94269806	0.21392427
0.94267094	0.14172956
0.9427079	0.17317827
0.9427234	0.16255851
0.9426964	0.16715899
0.9426695	0.18547305
0.94266385	0.14666343
0.94265825	0.14058343
0.9426316	0.22151802
0.94268906	0.1488024
0.9427044	0.113836505
0.9426569	0.19561327
0.9426096	0.18848555
0.942625	0.10647459
0.9427027	0.06581546
0.94275934	0.08137702
0.9427122	0.1573596
0.9426653	0.12491945
0.9426598	0.16239771
0.94271606	0.10406341
0.94271046	0.1607065
0.9426639	0.23517287
0.9426789	0.14042415
0.9427347	0.1267735
0.9427495	0.1253786
0.9427642	0.14021184
0.94273835	0.12508905
0.94281375	0.05802325
0.9428687	0.06996696
0.9427823	0.18421616
0.94273645	0.15655841
0.9426908	0.19806118
0.9427054	0.16850896
0.94268	0.14884974
0.9426946	0.113131486
0.94266933	0.16499491
0.9426839	0.112306245
0.9426786	0.17365359
0.94271284	0.11973205
0.94272727	0.14195344
0.942643	0.23828438
0.94261813	0.22713023
0.9426326	0.18067516
0.94264704	0.1226826
0.94260275	0.17724495
0.94267577	0.082899004
0.9426316	0.17812069
0.9426459	0.09637374
0.9426796	0.11275768
0.9426744	0.17687711
0.94272727	0.08709484
0.94276065	0.13299403
0.9426782	0.18135399
0.94265383	0.21065915
0.9426104	0.16111314
0.94256705	0.17301083
0.94263864	0.060581733
0.94265264	0.10984101
0.94264764	0.1542228
0.94262356	0.119747736
0.9426565	0.12113398
0.9427083	0.11176807
0.94274104	0.093554765
0.9427736	0.07313412
0.94276834	0.1709208
0.94280076	0.07794645
0.94275796	0.18773066
0.9428277	0.06724963
0.9428411	0.10712456
0.9428358	0.13534549
0.94284916	0.09976796
0.9427881	0.17008127
0.94272727	0.20273653
0.94266665	0.16829632
0.9426063	0.1320979
0.9426384	0.14274687
0.94267035	0.14842822
0.94270223	0.10667389
0.9427523	0.11222345
0.9427839	0.11127773
0.94279706	0.14054684
0.94275546	0.19778593
0.9427687	0.10581283
0.94272727	0.15948215
0.9427405	0.10963999
0.9427536	0.08870744
0.94269437	0.21333075
0.9426534	0.16988605
0.9426847	0.1018698
0.9426439	0.21389288
0.9425853	0.18656787
0.9425269	0.19896656
0.9425581	0.14223862
0.94260716	0.079803325
0.9426025	0.15198988
0.9426157	0.16955398
0.9426821	0.09190499
0.942695	0.12037469
0.94269025	0.104334876
0.94259715	0.19665536
0.94255733	0.18242891
0.9425	0.170275
0.94251317	0.12017145
0.9424737	0.16650297
0.94245183	0.19190767
0.94248253	0.1094786
0.9424607	0.110696465
0.94252616	0.082971476
0.94253916	0.11878571
0.94251734	0.15810639
0.94249564	0.14065233
0.94254327	0.10829964
0.94248706	0.13695106
0.9425	0.10231202
0.94246125	0.16701017
0.9424914	0.09864042
0.9425043	0.11645527
0.9425	0.113888174
0.94247866	0.23328249
0.9425085	0.11673008
0.9425043	0.16300152
0.942483	0.22361048
0.9424618	0.18298851
0.9424746	0.10700495
0.9424027	0.21565084
0.94239867	0.11443567
0.94242835	0.11244468
0.9424074	0.14666985
0.9424874	0.06908257
0.94248325	0.11814308
0.9424791	0.15076888
0.94249165	0.16743222
0.9424875	0.1321542
0.94243336	0.17513937
0.9424127	0.15741095
0.9424086	0.13752817
0.9424212	0.09890749
0.9424338	0.123856656
0.9424298	0.13432665
0.9424257	0.11964934
0.9424053	0.14549209
0.9424342	0.111112356
0.9423317	0.20720981
0.94237703	0.10611883
0.94237316	0.15311207
0.94240195	0.090505436
0.94238174	0.16409029
0.942443	0.079878494
0.9424065	0.17134687
0.9423214	0.20169081
0.9423501	0.1036501
0.9423139	0.18588382
0.9423587	0.08289299
0.94237095	0.12312561
0.94233495	0.121315986
0.9423473	0.17140162
0.9423435	0.20138545
0.9423718	0.112540334
0.942352	0.18964952
0.9423802	0.13855956
0.9424007	0.12617487
0.9423969	0.13869992
0.9424408	0.08692299
0.9424369	0.12251032
0.9424806	0.09615728
0.94249254	0.10323615
0.94245696	0.15684418
0.9424847	0.104122594
0.942528	0.09414895
0.9425712	0.09821763
0.94263005	0.05065452
0.9425632	0.20712799
0.94251215	0.18211827
0.9425082	0.14372995
0.94256675	0.08598821
0.94248486	0.1966114
0.942481	0.12649272
0.9425082	0.12068882
0.94256634	0.10393375
0.9425779	0.14314607
0.94258934	0.10474669
0.94258535	0.13354665
0.94255054	0.2089348
0.9425004	0.21774551
0.9425427	0.09463742
0.9425848	0.09782321
0.9425809	0.13125667
0.94262284	0.105190724
0.94258827	0.1448483
0.9425691	0.15652348
0.94256514	0.15956946
0.94257647	0.14150237
0.94255733	0.16682944
0.9425383	0.17642629
0.94251937	0.15527508
0.94251555	0.13939124
0.9425419	0.10099432
0.9425381	0.12415062
0.94253427	0.18674543
0.9425004	0.1534397
0.94249666	0.1761632
0.94247794	0.15948154
0.9424593	0.10815523
0.94247055	0.11536536
0.94246686	0.22071925
0.9424483	0.1785529
0.9423852	0.18259169
0.9423816	0.12482992
0.9423781	0.13181548
0.9423746	0.11836566
0.94238585	0.19083998
0.94241184	0.10284232
0.9424083	0.20314147
0.94241947	0.16104323
0.9424453	0.11507303
0.94248575	0.09925547
0.9425114	0.10789676
0.9425516	0.09669382
0.94254786	0.12497306
0.94254416	0.1231275
0.942555	0.15958191
0.94259495	0.085329264
0.94257665	0.19265856
0.9425294	0.23378164
0.9425547	0.11081471
0.94256544	0.1583336
0.942634	0.0687017
0.9426302	0.17520556
0.942612	0.18156618
0.94257945	0.1678313
0.942547	0.18422574
0.9425291	0.15910818
0.94256836	0.13592885
0.94259334	0.12492306
0.9426467	0.052905664
0.9426714	0.1110458
0.9426534	0.13187939
0.94267803	0.09210883
0.94270265	0.1454696
0.94269884	0.17386614
0.94269496	0.10729762
0.9427477	0.07942892
0.9427721	0.09953526
0.94282454	0.08731594
0.9428487	0.2077587
0.9428447	0.100399315
0.94285476	0.12175461
0.9428227	0.14730892
0.9428468	0.1123052
0.9428847	0.10515422
0.9428667	0.16017334
0.94290453	0.08838309
0.9429283	0.1144847
0.9429659	0.11632382
0.9429896	0.08942516
0.9429993	0.25400847
0.94300896	0.16066258
0.94296336	0.24050188
0.9430283	0.07623519
0.9430241	0.1365116
0.9430199	0.16172548
0.9430433	0.10842181
0.9430391	0.14286026
0.9430761	0.08836638
0.94305813	0.23611286
0.9431087	0.10644198
0.9430771	0.1634478
0.94308656	0.12470425
0.943096	0.110042006
0.9431325	0.09555223
0.9431283	0.13467218
0.94309694	0.12511048
0.9431063	0.18467991
0.943075	0.19464566
0.94303036	0.16080876
0.9429319	0.2127993
0.9429549	0.098221734
0.94291055	0.20852159
0.9429066	0.12812264
0.94290274	0.15247795
0.94293904	0.08939289
0.9429752	0.092838496
0.94303805	0.05190871
0.94298065	0.21540381
0.94301665	0.12377163
0.9430792	0.06993981
0.94307506	0.18928806
0.9430312	0.1831379
0.94305366	0.12517954
0.9430893	0.09324499
0.9430324	0.21526703
0.9430548	0.1331098
0.94309026	0.09334691
0.9430994	0.14604397
0.94310844	0.11628178
0.9431438	0.11949338
0.94320524	0.04831627
0.94322723	0.108477086
0.94323605	0.12707059
0.9432318	0.15398665
0.94320154	0.13360015
0.9431843	0.16665348
0.9431932	0.118066676
0.943189	0.18446386
0.94321084	0.101814635
0.9432456	0.1039916
0.94325435	0.14418559
0.9432501	0.12519233
0.94324595	0.16603683
0.9432675	0.1354622
0.9432504	0.15363406
0.94322056	0.15391777
0.9432421	0.15107043
0.94318664	0.17790994
0.94320816	0.09264099
0.9432297	0.10948593
0.9432511	0.109995216
0.9432214	0.18202728
0.9432428	0.13744102
0.94330233	0.054041676
0.94333625	0.082791544
0.9433193	0.13607913
0.94330245	0.17213261
0.94333625	0.08690281
0.94330674	0.1473419
0.9433152	0.15685043
0.943311	0.15496123
0.94328165	0.19671717
0.9432523	0.15152092
0.94321054	0.14663166
0.94325674	0.06720324
0.9432401	0.16524221
0.94323605	0.11193128
0.943232	0.13402854
0.94326544	0.10448751
0.94329876	0.058328744
0.94331956	0.09686978
0.9433279	0.14078866
0.9433362	0.102274254
0.9433196	0.14106734
0.9433031	0.15723793
0.9433486	0.07394403
0.9433197	0.15667501
0.9433403	0.14781271
0.9433115	0.17894995
0.9433321	0.12455913
0.9433772	0.084063664
0.943373	0.13400352
0.9433812	0.14294061
0.9434016	0.11692357
0.9433606	0.1655597
0.943381	0.081791155
0.94338906	0.11643525
0.94336057	0.1778958
0.94335645	0.16501646
0.94336456	0.12012008
0.9433483	0.1320575
0.94334424	0.14186946
0.9433402	0.13920277
0.9433603	0.1156987
0.9433805	0.11151887
0.94341266	0.08777699
0.9434327	0.13200615
0.9434285	0.15138742
0.9434244	0.12720536
0.9433962	0.17375606
0.94336814	0.24882317
0.94337606	0.1495229
0.943372	0.12934913
0.94342786	0.06211987
0.94344765	0.11411813
0.94344354	0.19462894
0.9434752	0.07875565
0.9435068	0.08494596
0.94345504	0.18773964
0.9434628	0.13864583
0.94348246	0.11482277
0.9434783	0.12362653
0.9434505	0.20512861
0.94344646	0.097952016
0.94341874	0.1612873
0.9434501	0.09521407
0.94351673	0.040551446
0.94346553	0.1672747
0.9434614	0.14727347
0.9434339	0.17802286
0.9434768	0.05827645
0.9434844	0.10619457
0.9435155	0.07951252
0.9435581	0.054874726
0.9435773	0.09116785
0.9435848	0.09728214
0.94359225	0.12489235
0.9435881	0.123107396
0.9436304	0.09797369
0.94361454	0.22206567
0.94365674	0.057522673
0.9436525	0.14558965
0.94369453	0.09655578
0.9436672	0.24337144
0.9436168	0.2013773
0.94363564	0.08301293
0.94361997	0.13780375
0.94355834	0.22787182
0.9435657	0.1367799
0.94355017	0.17430381
0.94352317	0.16554627
0.9435191	0.20871435
0.9435037	0.15184313
0.9434997	0.1422954
0.9435071	0.13599056
0.9435373	0.08094798
0.9435674	0.08972181
0.9436088	0.07455799
0.9435479	0.2602989
0.94357795	0.08710823
0.9436305	0.07723625
0.9436377	0.15370098
0.94362235	0.17389445
0.9436634	0.085960396
0.94365925	0.11029305
0.94364387	0.23448582
0.94359475	0.1708379
0.9435907	0.10976161
0.94353056	0.2810041
0.94350415	0.16209474
0.9435114	0.096727945
0.9434515	0.22830737
0.94347006	0.14825888
0.9434997	0.07072716
0.9435181	0.09899307
0.9435587	0.07837487
0.9435659	0.13068032
0.9435508	0.1649384
0.9435136	0.16796993
0.9435318	0.08416618
0.94350576	0.17372628
0.943513	0.08043818
0.9434759	0.1333992
0.9434831	0.15209039
0.9434682	0.25302938
0.9434754	0.13653263
0.94342756	0.21763809
0.94343483	0.15248495
0.9434091	0.1802763
0.94339436	0.19993863
0.9434016	0.14082772
0.9434526	0.06692201
0.9433942	0.1956864
0.9433795	0.16292703
0.94340855	0.09540373
0.9434376	0.07549467
0.9434338	0.113434754
0.9434518	0.13237332
0.9434698	0.09509943
0.94350946	0.08716036
0.94348395	0.21876445
0.94350183	0.1373707
0.94347644	0.14650959
0.9434619	0.2717415
0.94338256	0.22583033
0.9433789	0.11719104
0.9433538	0.16895193
0.9433609	0.18794721
0.943368	0.1312718
0.943343	0.21570422
0.9433501	0.15166813
0.9433465	0.19512516
0.9433643	0.1326779
0.9433714	0.11025466
0.9434105	0.11958688
0.9434282	0.098491624
0.9434246	0.12076803
0.94345284	0.08876347
0.9434492	0.1609626
0.9434137	0.2107556
0.94341004	0.17475818
0.94339585	0.15454772
0.9434346	0.087738544
0.94343096	0.14747883
0.94340616	0.18641472
0.94339204	0.16190617
0.94338846	0.18489483
0.9433533	0.27130565
0.9433498	0.15525027
0.9433673	0.121219374
0.9433008	0.23744506
0.94331825	0.105804555
0.9433358	0.10618977
0.94336367	0.09262344
0.9433183	0.16930607
0.94327307	0.16716757
0.9432801	0.17277084
0.9432975	0.13486755
0.9433149	0.12124402
0.9433427	0.0813916
0.94333917	0.17002505
0.9433357	0.14192823
0.9433219	0.19753096
0.9433288	0.10498383
0.9433357	0.11608171
0.9433426	0.1094884
0.94333917	0.13846059
0.943346	0.12151367
0.94329107	0.23913023
0.943298	0.1294924
0.9433357	0.0879594
0.9433631	0.08636843
0.9433802	0.11637759
0.94336647	0.19966221
0.9433425	0.1487767
0.9433391	0.13701212
0.9432948	0.21958908
0.94328123	0.12376422
0.9432779	0.17525059
0.94328475	0.14948052
0.9432712	0.18132326
0.94325775	0.15313473
0.94327474	0.083447486
0.94325113	0.18054466
0.9432478	0.15684786
0.94328505	0.07196649
0.9432311	0.1248391
0.9432683	0.052964784
0.9432953	0.10903778
0.9432516	0.21096104
0.9432181	0.15935239
0.9432149	0.139818
0.9432217	0.13864294
0.9432285	0.10954217
0.9432353	0.12945943
0.94323206	0.14948063
0.9432088	0.17118537
0.94322556	0.12599292
0.94323236	0.09871107
0.94322914	0.15961805
0.9432159	0.16087109
0.9432028	0.10059743
0.9431498	0.24606268
0.94314665	0.15548727
0.9430939	0.29334262
0.94311064	0.105073854
0.94310755	0.12102513
0.94315404	0.060004085
0.9431509	0.146227
0.94316757	0.15028965
0.9431644	0.16006264
0.9431416	0.21119045
0.9431779	0.09218608
0.94319445	0.12752002
0.9431421	0.2719107
0.9431587	0.10525129
0.9431654	0.11594364
0.94318193	0.13184066
0.9432082	0.06939743
0.94321483	0.09743064
0.9431921	0.16645607
0.9431402	0.29409698
0.9431664	0.075571984
0.9431146	0.28258556
0.943131	0.10936758
0.943128	0.15930131
0.9431444	0.13334616
0.943151	0.10424113
0.94308007	0.23101202
0.943077	0.14131151
0.9430934	0.095376834
0.94309044	0.16725731
0.94306815	0.1538908
0.9430845	0.13921076
0.9431008	0.12415453
0.94312674	0.0941557
0.9431526	0.07402498
0.94319767	0.08461982
0.9431465	0.25440532
0.94314355	0.17610958
0.9431309	0.11788565
0.94309914	0.19589272
0.94312495	0.124520816
0.9431219	0.14710724
0.9431476	0.11072824
0.94318277	0.07248609
0.94319886	0.08280741
0.94317675	0.16429102
0.9431737	0.14536107
0.9431422	0.31816095
0.9431487	0.111076795
0.9431362	0.15434314
0.94310474	0.16706514
0.9431018	0.14468943
0.9430894	0.1850821
0.94312435	0.07132597
0.94313085	0.13019668
0.94314677	0.103661194
0.94313437	0.18853179
0.9431408	0.11397746
0.9431473	0.12117928
0.9431161	0.17078379
0.9431132	0.12516405
0.943129	0.09922076
0.9431636	0.08670159
0.94317	0.13134718
0.9431951	0.09844667
0.9432295	0.09208665
0.9432359	0.124245144
0.94324213	0.18452904
0.94323915	0.13997804
0.94327337	0.05424898
0.943261	0.16777202
0.9432859	0.1451667
0.94327354	0.13597147
0.9432705	0.19285727
0.94327676	0.14981514
0.9432644	0.18409279
0.94325215	0.2016097
0.9432399	0.1249049
0.9432554	0.096670255
0.94324315	0.19998239
0.94327706	0.07588797
0.943274	0.10642781
0.9432526	0.16739464
0.94324046	0.14970413
0.94324666	0.09941942
0.94326204	0.14446993
0.94327736	0.0936983
0.94330186	0.14969152
0.9433354	0.05085962
0.943369	0.04311081
0.9433659	0.15441209
0.9433537	0.13415688
0.9433871	0.06812551
0.9433658	0.22208676
0.9433627	0.11956315
0.9433324	0.24415039
0.9433203	0.108035944
0.9433445	0.095172875
0.94337773	0.06368939
0.94333845	0.18457425
0.94335353	0.08263458
0.94335955	0.13477634
0.94334745	0.13532904
0.94331735	0.2121648
0.9432963	0.17175288
0.94328433	0.16928759
0.94327235	0.14858462
0.94326043	0.12965037
0.9432665	0.11256647
0.9432905	0.11000749
0.9432606	0.14722076
0.9432577	0.1644822
0.94328165	0.10338913
0.9432698	0.16261694
0.9432758	0.1387317
0.943255	0.15574217
0.9432878	0.057605397
0.94328487	0.12320551
0.9432641	0.15784067
0.9432612	0.16516365
0.9432583	0.15796597
0.9432643	0.106279105
0.94327915	0.08672537
0.9432674	0.12801489
0.9432822	0.115512
0.94328815	0.11188023
0.9432764	0.136492
0.9432735	0.13736299
0.94328827	0.11064314
0.94328535	0.112712525
0.9432825	0.09538477
0.9432708	0.15601279
0.9432767	0.14662999
0.94325626	0.13655923
0.94327974	0.06516549
0.94328564	0.16421425
0.94327396	0.14177215
0.94326234	0.19759321
0.94326824	0.14874174
0.9432829	0.15780167
0.94328	0.14755973
0.9432684	0.14855057
0.94327426	0.12493487
0.94328016	0.08499439
0.943286	0.12280427
0.94329184	0.10897081
0.9433064	0.113108724
0.94331217	0.16253677
0.9433527	0.08278757
0.9433151	0.19059013
0.9433122	0.1791712
0.94335264	0.061305236
0.94333243	0.15975817
0.9433555	0.084553845
0.94334394	0.16448867
0.9433411	0.1413216
0.9433382	0.19213253
0.9433353	0.14598136
0.9433668	0.07695359
0.94338113	0.13808095
0.94336104	0.17955986
0.9433582	0.15266012
0.9433553	0.14796208
0.94337815	0.081545286
0.9433667	0.16722359
0.94333816	0.16951925
0.9433353	0.1562025
0.94335806	0.0914803
0.94333816	0.20045681
0.94335234	0.15499988
0.9433495	0.14107302
0.94335514	0.10897919
0.9433608	0.14912543
0.94334096	0.1522423
0.9433466	0.14699326
0.94332683	0.19184093
0.94332397	0.15400922
0.9433381	0.11267222
0.94334376	0.1455159
0.9433578	0.08598882
0.9433381	0.14906469
0.94336057	0.09722027
0.9433746	0.13013381
0.94339705	0.08275056
0.943411	0.13567977
0.9433829	0.15940265
0.94338006	0.106723614
0.9433856	0.16824184
0.943366	0.16343376
0.9433716	0.10745645
0.943352	0.1774567
0.94334084	0.1621911
0.94331294	0.20568661
0.9433436	0.08798738
0.9433659	0.12614839
0.94338804	0.12892051
0.9433935	0.14220217
0.9433741	0.17205048
0.9433713	0.1882468
0.9433851	0.099791184
0.943374	0.14953245
0.9433629	0.20104986
0.94338495	0.06118429
0.9434153	0.080711335
0.9433711	0.19467813
0.9433931	0.1137418
0.943382	0.14793013
0.9433875	0.12648591
0.94340944	0.09782988
0.9433984	0.17477463
0.9434203	0.07686152
0.9434257	0.12656203
0.9434229	0.12422974
0.9434201	0.10111682
0.9434501	0.07328231
0.9434637	0.15434511
0.9434936	0.062072963
0.9435153	0.08642605
0.9435206	0.07711864
0.9435259	0.11059951
0.94352305	0.13982935
0.94350386	0.18378747
0.9434765	0.19634286
0.9434737	0.1748455
0.94345456	0.15669845
0.94345176	0.11999222
0.94344896	0.103951864
0.94346243	0.12094531
0.94347584	0.09860941
0.9434811	0.12761746
0.9434783	0.16299777
0.9434836	0.10819559
0.9434727	0.11965355
0.9434699	0.14428008
0.9434671	0.17196403
0.9434643	0.14289013
0.9434776	0.09972867
0.943507	0.07347545
0.9435042	0.16559157
0.9434933	0.15867075
0.94349855	0.11503508
0.9435038	0.112252876
0.94349295	0.15859394
0.94349813	0.15549244
0.94347936	0.20944843
0.9434605	0.16530249
0.94347376	0.13222542
0.94350296	0.07787206
0.94350815	0.10416072
0.94350535	0.10972102
0.94348663	0.22707202
0.94350773	0.12066262
0.9435129	0.08865669
0.94351804	0.12432973
0.94354707	0.08358148
0.9435839	0.062833846
0.94358903	0.1677166
0.94360995	0.06842005
0.94362295	0.14590712
0.9436359	0.09651467
0.9436488	0.13624763
0.94363016	0.12940149
0.9436273	0.15539367
0.94359285	0.20867558
0.94359004	0.106393926
0.94361085	0.09839627
0.94356865	0.17302556
0.943558	0.156308
0.9435473	0.19217362
0.9435524	0.09868244
0.94355744	0.15813556
0.9435782	0.09454145
0.94359106	0.1436043
0.94359607	0.16686699
0.9435541	0.24422283
0.94352007	0.21815911
0.9435095	0.1439013
0.9435302	0.10612362
0.94353527	0.13740793
0.94353247	0.17094788
0.9435453	0.09823165
0.94357365	0.08257976
0.9435709	0.12848097
0.9435526	0.20832063
0.94351876	0.2082378
0.9435316	0.08096865
0.9435056	0.20728098
0.9435261	0.09120227
0.9435079	0.20387563
0.94348973	0.1724839
0.94347155	0.13463289
0.9434612	0.22189513
0.9434354	0.2079811
0.9434481	0.1184711
0.9434224	0.19265467
0.94342744	0.14656027
0.9434402	0.12109236
0.9434375	0.13894443
0.9434349	0.09751127
0.9434246	0.21491458
0.94339895	0.14635883
0.9433887	0.14917377
0.9433555	0.2058535
0.9433376	0.18623418
0.94330454	0.20988047
0.9432638	0.23539522
0.94326895	0.10419631
0.9432588	0.20257594
0.9432716	0.12179402
0.94328433	0.115654804
0.94325143	0.19003962
0.9432641	0.111637466
0.94326925	0.13050936
0.9432592	0.18257919
0.9432719	0.12029584
0.9432694	0.1362929
0.9432518	0.19587478
0.9432418	0.11996716
0.94326955	0.10399257
0.94326705	0.15368614
0.9432495	0.19980894
0.9432471	0.11394311
0.943222	0.16950424
0.9432271	0.16668095
0.94322467	0.15442537
0.9432147	0.10083256
0.94321233	0.1706912
0.9432249	0.09789595
0.9432525	0.05759653
0.9432576	0.13981481
0.94322515	0.20278284
0.94321525	0.16955753
0.9432278	0.08097004
0.9432553	0.085629836
0.9432753	0.09760349
0.9432803	0.13469863
0.9432928	0.09358645
0.94329035	0.13710687
0.9433102	0.10057345
0.9432854	0.15985698
0.94328296	0.1372685
0.9432805	0.15527189
0.94327813	0.114512816
0.9433054	0.06624783
0.94328064	0.2479161
0.9433079	0.070019454
0.94329804	0.27220374
0.9432956	0.1478408
0.9433227	0.08287337
0.9433203	0.12926997
0.94332516	0.15016331
0.9432563	0.34403947
0.94322443	0.1667465
0.9432	0.17183195
0.943205	0.113796435
0.9432026	0.13418859
0.94322234	0.10026784
0.9431979	0.20984407
0.94321024	0.09884753
0.94319326	0.24686046
0.94318354	0.18911722
0.94318855	0.11584915
0.94319355	0.098424375
0.94321316	0.09162423
0.9432035	0.21552733
0.94322306	0.13049594
0.9432207	0.10222971
0.9432402	0.08916733
0.9432452	0.1063559
0.94327193	0.118534416
0.94324774	0.19840811
0.9432526	0.11779813
0.94327205	0.092737935
0.9432551	0.17376623
0.94327456	0.09798346
0.9433084	0.056092877
0.94329154	0.1681808
0.94328916	0.1493839
0.9432868	0.20612334
0.9433205	0.06252325
0.9433326	0.06879484
0.9433518	0.10251696
0.943335	0.22283249
0.943347	0.11031215
0.9433446	0.13922596
0.9433422	0.16341351
0.94333977	0.10906949
0.94335896	0.118881255
0.9433637	0.09980528
0.9433326	0.3367393
0.94331586	0.20662698
0.94332063	0.13679755
0.94328964	0.16104992
0.94328725	0.19946213
0.9432778	0.14458576
0.94326115	0.2053029
0.943266	0.11546451
0.9432422	0.19614358
0.9432328	0.17741974
0.94325185	0.16009271
0.94326377	0.12104195
0.9432828	0.07854118
0.94328046	0.14283004
0.9432923	0.11263309
0.94329	0.15895586
0.9432664	0.21235403
0.943257	0.18739487
0.9432759	0.07889023
0.9432665	0.15709674
0.94325715	0.17325114
0.94328314	0.10117819
0.94329494	0.11677091
0.94329965	0.13375618
0.9433256	0.09358007
0.9433302	0.16391632
0.94333494	0.16878514
0.9433115	0.15194696
0.9433021	0.14562525
0.9432928	0.1425693
0.9432975	0.12107172
0.9433022	0.1475906
0.94330686	0.12580872
0.9433186	0.119600534
0.94332325	0.15801613
0.943342	0.09749269
0.9433466	0.10546722
0.9433303	0.15418601
0.9433559	0.079713166
0.9433815	0.10340109
0.9433791	0.12632453
0.94338375	0.13813323
0.94338137	0.16851707
0.94339293	0.09268156
0.94338363	0.18138327
0.94338125	0.22772966
0.9433789	0.1271765
0.9433627	0.1963048
0.9433534	0.18381566
0.94335806	0.1433432
0.9433557	0.15808159
0.9433603	0.102993935
0.9433649	0.13269225
0.94339025	0.10187882
0.94338787	0.10806377
0.94341314	0.070644185
0.9434039	0.22121458
0.9434084	0.13786198
0.943413	0.15588734
0.9434244	0.116544254
0.9434427	0.088884786
0.9434541	0.10426803
0.9434517	0.14463878
0.94346994	0.083023384
0.9434332	0.20870703
0.9434446	0.1513903
0.9434491	0.1269264
0.94344676	0.15158442
0.9434307	0.23109989
0.94344205	0.08993585
0.943467	0.119381815
0.94346464	0.16837455
0.94345546	0.116946146
0.9434804	0.09057117
0.94345754	0.17569336
0.9434756	0.13491152
0.9434733	0.14208755
0.9434641	0.15218575
0.94344133	0.18937309
0.9434594	0.08559535
0.94346386	0.13407378
0.94347507	0.13403642
0.9434795	0.13581286
0.94347036	0.16841185
0.94346124	0.21245235
0.9434521	0.1516334
0.94345653	0.13929074
0.94346774	0.13951221
0.94344515	0.17008351
0.9434091	0.24970813
0.9434	0.21737249
0.9433843	0.115913846
0.94338876	0.11565532
0.9433999	0.103168994
0.94341105	0.14096336
0.9433752	0.22282484
0.9433729	0.11738041
0.94338405	0.09568167
0.9433952	0.11978942
0.94339967	0.15419288
0.9434041	0.14384353
0.94340175	0.15717308
0.9434196	0.10295853
0.9434507	0.076579876
0.9434684	0.07933285
0.9434461	0.20428346
0.9434438	0.1910664
0.9434482	0.12078888
0.9434259	0.17654268
0.9434436	0.08072036
0.9434413	0.18935843
0.94341904	0.19619435
0.94342345	0.11658804
0.9434278	0.09759864
0.94345206	0.06021367
0.94347626	0.069485776
0.9434872	0.11045381
0.94349813	0.0938282
0.9434826	0.119567916
0.9434869	0.10957806
0.9434714	0.1667374
0.9434823	0.08797657
0.94348	0.11466553
0.9434777	0.1892198
0.94346225	0.15206333
0.94346654	0.14793147
0.9434972	0.06961581
0.94348174	0.22708796
0.94347286	0.16870281
0.9434706	0.14045705
0.9434749	0.1433641
0.9434529	0.20552813
0.94346374	0.10470857
0.9434877	0.07843362
0.94350505	0.0889093
0.9434897	0.14703272
0.9434678	0.15093842
0.943472	0.11595518
0.9434828	0.10083447
0.9434936	0.091499135
0.94352394	0.055714637
0.9435347	0.0819619
0.94351935	0.20083293
0.9435236	0.11800525
0.94353426	0.13518019
0.943519	0.21128143
0.9435167	0.1179527
0.9435339	0.0875485
0.94355106	0.108190954
0.94354224	0.16178533
0.94352055	0.22425555
0.94349885	0.20267196
0.9434966	0.13102624
0.9434878	0.17818126
0.9434727	0.18621118
0.94347686	0.08137289
0.943494	0.09287333
0.9434982	0.14344466
0.94352174	0.059948508
0.9435195	0.1256599
0.9435301	0.09975709
0.9435278	0.1420875
0.94352555	0.15143386
0.94354254	0.07248527
0.94354665	0.09195113
0.9435316	0.16157398
0.94351006	0.18896894
0.94350785	0.1168325
0.94351196	0.12980434
0.9434841	0.23023951
0.9434563	0.21159028
0.9434669	0.10502062
0.9434647	0.14114967
0.94346887	0.13436064
0.94344753	0.16886924
0.9434262	0.20775802
0.94343036	0.108135395
0.94342816	0.14859802
0.94341326	0.17251596
0.9434175	0.10611275
0.94344074	0.11193685
0.9434512	0.10934357
0.9434236	0.1515894
0.94341516	0.13240904
0.94340664	0.14928064
0.9433981	0.14774972
0.9434023	0.11384293
0.94341284	0.11164731
0.94342333	0.12206712
0.9434401	0.10736255
0.94343793	0.1223295
0.94344205	0.13449998
0.94342726	0.12869132
0.943444	0.09174871
0.9434482	0.18806817
0.943446	0.14432605
0.9434375	0.16931286
0.94338506	0.3042947
0.94337666	0.18823554
0.9433746	0.11622878
0.94336617	0.124017045
0.943364	0.16066723
0.94337445	0.15446584
0.9433661	0.12705341
0.9433577	0.16987583
0.94336814	0.10925234
0.94336605	0.11556635
0.9433764	0.08969252
0.94339305	0.12755848
0.94339716	0.14892781
0.9433951	0.14623822
0.9434054	0.18887134
0.94341576	0.14447469
0.9434261	0.11357388
0.9434426	0.09008162
0.94343424	0.11769328
0.94345695	0.08672788
0.9434424	0.19854568
0.94344026	0.16510887
0.9434381	0.13072024
0.94344836	0.08636226
0.94344	0.18205652
0.94343174	0.24578469
0.9434358	0.111351445
0.94343364	0.1389403
0.9434501	0.11984553
0.94344795	0.118555814
0.943452	0.11033514
0.9434684	0.07596696
0.94346625	0.18940826
0.94347024	0.13581009
0.9434558	0.19528921
0.9434414	0.21301669
0.94343925	0.15012623
0.9434249	0.11725085
0.9434289	0.103203356
0.94342065	0.1591911
0.94343084	0.15373191
0.94343483	0.10550717
0.9434389	0.1268021
0.94343066	0.128802
0.9434408	0.1021984
0.943457	0.0583393
0.943461	0.11222208
0.9434528	0.1874007
0.9434507	0.112446874
0.9434669	0.07640218
0.9434709	0.11418639
0.94346267	0.12408574
0.94347274	0.11243334
0.94348276	0.121780485
0.94348675	0.15428314
0.9434907	0.09274908
0.9434947	0.14242624
0.9435108	0.13280058
0.9435329	0.0752312
0.94353074	0.14019385
0.9435286	0.21788715
0.94351435	0.23069274
0.9435243	0.087835304
0.94354033	0.06818847
0.94353217	0.16487235
0.94355416	0.074210495
0.943552	0.13885103
0.94353783	0.15741986
0.94352967	0.13331196
0.94354564	0.07929118
0.9435495	0.12559843
0.9435654	0.12747017
0.9435332	0.19032498
0.9435431	0.12941906
0.943547	0.099226125
0.9435328	0.20784923
0.94353074	0.13166928
0.9435346	0.14907481
0.9435145	0.20235197
0.9435064	0.17691885
0.9435103	0.10712844
0.94351417	0.16902924
0.94351804	0.12134905
0.94348013	0.32816613
0.94346607	0.13849199
0.9434461	0.17860581
0.94346195	0.09206108
0.94347775	0.111686744
0.94346976	0.16848582
0.94347364	0.099558994
0.9434775	0.11641161
0.94346356	0.17486186
0.9434496	0.19195354
0.94343567	0.1868267
0.9434455	0.1029711
0.9434494	0.11195281
0.94344735	0.14015819
0.9434453	0.13765736
0.94346106	0.0840413
0.9434531	0.13285813
0.94345695	0.11577588
0.9434726	0.14947051
0.9434824	0.12169263
0.943504	0.07640078
0.9435196	0.077977546
0.9435175	0.20048037
0.9435272	0.108011685
0.94353694	0.118436985
0.94354665	0.11098382
0.9435622	0.11278966
0.94357777	0.115935564
0.9435815	0.12921062
0.943597	0.13544893
0.9435832	0.1741895
0.94356346	0.16812259
0.9435673	0.13277866
0.94355345	0.17707537
0.94355136	0.16717538
0.94353175	0.20610787
0.9435355	0.15873165
0.9435159	0.23527548
0.94352555	0.07417421
0.9435176	0.20146614
0.94353306	0.08915071
0.94351935	0.1555849
0.9435115	0.2158332
0.9435269	0.094609626
0.9435365	0.08577137
0.94350535	0.21464878
0.94351494	0.13286442
0.9435129	0.15359975
0.9435109	0.1553299
0.9435088	0.17761204
0.9435068	0.072123915
0.94348735	0.1983754
0.94349694	0.18573068
0.94351226	0.07380567
0.943516	0.13294844
0.94352555	0.12851271
0.9435235	0.14780241
0.9435157	0.15530036
0.9435195	0.114894584
0.9435059	0.18730322
0.9435154	0.11123309
0.9435249	0.1418341
0.9435171	0.16749164
0.94351506	0.1052727
0.94349	0.18260022
0.94348806	0.13450624
0.94348603	0.15889414
0.9434898	0.094026096
0.943505	0.08716218
0.94350296	0.15055178
0.9434952	0.18103962
0.9435162	0.057142153
0.94350845	0.1478777
0.9435064	0.14708331
0.9435101	0.1389579
0.94351953	0.07410562
0.9435404	0.093237676
0.94355553	0.057366643
0.9435478	0.15761337
0.9435743	0.047955118
0.9435723	0.10510598
0.9435873	0.06060104
0.9436024	0.11058994
0.9435889	0.13332681
0.9435641	0.25073457
0.9435735	0.15672621
0.94356006	0.14062892
0.9435353	0.16355683
0.9435106	0.21865506
0.9435086	0.13745514
0.94352365	0.0855463
0.9435217	0.12556261
0.9435423	0.092465036
0.9435629	0.07693759
0.9435553	0.13587035
0.94355327	0.15022647
0.9435739	0.06714745
0.94358313	0.097737476
0.9435811	0.13002272
0.9435735	0.23619442
0.94357705	0.12805437
0.9435807	0.13433632
0.9435899	0.105818205
0.9435823	0.13425331
0.94358593	0.11930993
0.9436008	0.07425185
0.9435875	0.2104161
0.9436079	0.08841657
0.9436003	0.10093763
0.94359267	0.15299349
0.94357383	0.21929781
0.9435999	0.05044329
0.94360906	0.11632449
0.94362384	0.08533497
0.94363856	0.10941079
0.9436198	0.17399359
0.94361216	0.17817375
0.94361013	0.14096557
0.9435802	0.20312446
0.94357264	0.22711922
0.9435651	0.17243233
0.9435631	0.20927028
0.9435611	0.12584491
0.94354796	0.2369194
0.94357383	0.067975454
0.9435552	0.19027163
0.9435532	0.1602303
0.9435512	0.16684946
0.9435326	0.18715368
0.94354725	0.110655
0.9435619	0.12122364
0.94355994	0.140746
0.9435635	0.090084076
0.94357264	0.08705132
0.94358724	0.068407156
0.9435963	0.121247366
0.94359434	0.1858374
0.9436144	0.064935915
0.9436069	0.28349233
0.94360495	0.12756144
0.943614	0.10735553
0.9436395	0.0909593
0.94363755	0.106755696
0.94365203	0.1083487
0.94366103	0.079767145
0.94364804	0.16513513
0.943646	0.14378998
0.943633	0.1848222
0.94363654	0.16870363
0.943662	0.068118334
0.9436545	0.13467681
0.9436689	0.101100944
0.94365597	0.18917136
0.9436649	0.118863575
0.94368476	0.10410199
0.9436718	0.14009191
0.9436698	0.15687785
0.94368964	0.08266518
0.9437095	0.06566536
0.9437402	0.03571579
0.94374365	0.13065903
0.9437252	0.16522081
0.943745	0.0710579
0.94374293	0.10122688
0.9437518	0.13628407
0.9437443	0.19041023
0.9437532	0.117098525
0.9437511	0.14890584
0.9437545	0.15315896
0.94377416	0.10781908
0.94377756	0.16801752
0.94377553	0.12266327
0.94375724	0.15404992
0.94374436	0.23852074
0.94374233	0.19950418
0.9437241	0.23301078
0.94372743	0.13050155
0.94374704	0.11463577
0.94376665	0.07961928
0.9437754	0.10026731
0.9437734	0.19714886
0.94375515	0.22797154
0.9437639	0.11918239
0.94377804	0.08333163
0.9437814	0.12384626
0.94377935	0.14566047
0.9437773	0.14125313
0.943786	0.12519789
0.9437679	0.15829492
0.94375515	0.14608838
0.9437585	0.124273494
0.9437618	0.10644188
0.9437866	0.07287535
0.9437846	0.12206395
0.9437933	0.121196166
0.9438073	0.088939846
0.94379455	0.13764921
0.9437979	0.121436946
0.9438119	0.0711684
0.94379914	0.15364116
0.94377047	0.22067429
0.94377375	0.115991466
0.94375575	0.24067587
0.94377506	0.08523267
0.9437731	0.12043132
0.94377637	0.09569312
0.9437744	0.12597868
0.9437617	0.20119748
0.94376504	0.1657428
0.9437737	0.10197923
0.94378227	0.086278066
0.9437856	0.083867654
0.9437889	0.16232179
0.94378686	0.14661127
0.94379544	0.1366928
0.94377756	0.19446251
0.94378084	0.09888611
0.9437947	0.11339521
0.94380856	0.075670496
0.9438013	0.1210274
0.943794	0.15738529
0.94380784	0.094625
0.9438058	0.14243312
0.94381434	0.08499465
0.94380707	0.12734064
0.9437998	0.16922112
0.9438083	0.15452984
0.9438116	0.11625533
0.94382536	0.13829686
0.9438339	0.11440726
0.9438371	0.20074406
0.9438403	0.090310186
0.9438436	0.15423849
0.9438573	0.08201808
0.9438658	0.11256106
0.94386375	0.108495
0.9438565	0.18625472
0.9438597	0.1594897
0.94387335	0.083390996
0.9438975	0.061626043
0.94389546	0.16346674
0.9439143	0.06699513
0.943907	0.15214646
0.94389457	0.13901633
0.9438977	0.124784544
0.9438801	0.17241171
0.9438885	0.10270602
0.94388646	0.17631808
0.9438896	0.14813916
0.9438824	0.13416906
0.9438804	0.1411866
0.94387835	0.097656935
0.9438764	0.11791239
0.94388473	0.12861948
0.94386196	0.20217822
0.94385475	0.17896436
0.94386834	0.06846262
0.94388705	0.06884452
0.943885	0.12786931
0.94389856	0.063666336
0.94390684	0.07654043
0.9439255	0.07678273
0.94391316	0.14984125
0.9438905	0.24326286
0.9439143	0.046274804
0.94391745	0.10685394
0.9439412	0.053410687
0.94393915	0.11276064
0.94394743	0.0883737
0.94395566	0.1540767
0.9439588	0.12496284
0.9439516	0.14442615
0.943965	0.082810916
0.943963	0.22761115
0.9439558	0.17537002
0.9439743	0.063932255
0.9439723	0.10752717
0.9439856	0.105697185
0.9439938	0.090573676
0.9439918	0.12607744
0.9440102	0.09855544
0.9440235	0.078560196
0.9440265	0.109269105
0.9440296	0.14092599
0.94403774	0.11371852
0.9440306	0.15443763
0.94402856	0.12874454
0.94402647	0.12438733
0.94403464	0.13832057
0.9440275	0.1978368
0.9440407	0.06985686
0.9440488	0.09453413
0.9440671	0.07876241
0.9440752	0.11137667
0.9440884	0.097558975
0.9441016	0.09564482
0.94410455	0.19661878
0.9441126	0.11703448
0.94413084	0.09359659
0.9441389	0.15297154
0.944152	0.09005784
0.9441752	0.060793802
0.9441832	0.10275264
0.94418615	0.12130503
0.9441992	0.11843008
0.94422233	0.04603991
0.9442101	0.19384907
0.9442181	0.21768299
0.9442008	0.20074482
0.9441836	0.22044112
0.9441915	0.10408631
0.9441995	0.09664809
0.9442024	0.14230223
0.9442154	0.11071831
0.94421834	0.11367229
0.94422626	0.11560137
0.9442291	0.0980116
0.94422203	0.1884548
0.9442149	0.13142595
0.94421273	0.17080614
0.94422066	0.12446064
0.9442436	0.061721295
0.94425654	0.12966383
0.9442694	0.084931746
0.9442773	0.098108694
0.94428515	0.116728604
0.944298	0.101905115
0.9442909	0.15676616
0.94426876	0.18705471
0.94427663	0.08559574
0.9442695	0.13392785
0.9442574	0.14968167
0.9442503	0.14700326
0.94424313	0.12982696
0.94423604	0.12813996
0.9442489	0.11726468
0.94424677	0.16799003
0.9442646	0.07382444
0.9442674	0.14209646
0.94428515	0.08201442
0.94429296	0.077200204
0.9443107	0.08099388
0.9443185	0.12583889
0.9443213	0.12042711
0.9443191	0.20589489
0.94433683	0.09305759
0.94432974	0.17310694
0.94432265	0.12819092
0.94432545	0.15925278
0.9443332	0.093727514
0.9443459	0.09417503
0.9443487	0.14779323
0.9443663	0.06515709
0.9443789	0.08586852
0.94436693	0.22979656
0.9443697	0.12488545
0.9443626	0.20555638
0.9443506	0.16683184
0.94436324	0.06751118
0.9443414	0.20719786
0.9443393	0.107666805
0.9443617	0.05688131
0.944335	0.18055779
0.9443427	0.114299744
0.94433075	0.14712992
0.9443286	0.14461517
0.9443216	0.11819451
0.94432926	0.0807561
0.94434184	0.084754616
0.94434464	0.13607788
0.94432783	0.16092972
0.9443306	0.117330335
0.94434804	0.07909667
0.9443508	0.113219455
0.9443536	0.13381779
0.94435143	0.10091636
0.9443444	0.18543659
0.9443374	0.15462312
0.94435483	0.07059586
0.9443478	0.23181883
0.9443652	0.11368169
0.94435334	0.13774107
0.9443658	0.16852994
0.9443491	0.28407654
0.94434696	0.1450655
0.94434	0.145913
0.94434273	0.11946042
0.9443358	0.11222031
0.94432884	0.17908235
0.9443219	0.15983766
0.9443246	0.14288138
0.9443274	0.09389718
0.9443398	0.08326797
0.9443474	0.13824882
0.94433564	0.23469695
0.94434804	0.081814535
0.9443508	0.17487381
0.94435346	0.1053205
0.9443417	0.1915672
0.94433963	0.12552819
0.9443424	0.12720178
0.9443547	0.071685255
0.9443767	0.06556282
0.94437945	0.11170823
0.9443629	0.18837184
0.9443608	0.18805516
0.94437313	0.08061591
0.9443662	0.22098185
0.9443785	0.1684605
0.9443764	0.12997328
0.94438875	0.053576473
0.94437224	0.16029711
0.9443749	0.13946387
0.9443824	0.10176544
0.9443803	0.14926738
0.9443878	0.089231186
0.9443809	0.12943314
0.94438356	0.14126398
0.9443863	0.11330062
0.9443746	0.26751465
0.9443821	0.15980966
0.9443657	0.119887345
0.94437313	0.11039356
0.94438535	0.089832924
0.9443785	0.11384471
0.9443621	0.2056792
0.9443743	0.10373296
0.9443913	0.07033816
0.9443749	0.24110052
0.94436806	0.15472506
0.9443803	0.12378515
0.94436866	0.19078124
0.94436187	0.1833963
0.94436455	0.13161372
0.9443767	0.0751162
0.9443794	0.127621
0.9443868	0.14032048
0.9443989	0.08913417
0.94441104	0.13794121
0.94441366	0.09606376
0.94441634	0.15984513
0.9444048	0.24468361
0.9444027	0.1554851
0.9444148	0.09254504
0.94438434	0.2547806
0.94437283	0.19691916
0.94438493	0.06460828
0.9443876	0.08857658
0.94439024	0.12603642
0.94438344	0.20038885
0.9443579	0.23249479
0.9443605	0.11019001
0.94434905	0.16324767
0.9443611	0.09672509
0.9443685	0.1113736
0.9443711	0.11570927
0.9443691	0.1316063
0.944367	0.13044052
0.94436026	0.14582038
0.9443535	0.15912847
0.9443796	0.049179304
0.9443916	0.09192328
0.9443896	0.1380434
0.94439685	0.10914067
0.9444042	0.10575329
0.9443881	0.16467714
0.94439536	0.10196144
0.94440264	0.14213935
0.94440997	0.12225084
0.9444219	0.081844054
0.94443846	0.10874088
0.9444224	0.21140097
0.9444157	0.16446224
0.9444276	0.10243338
0.9444116	0.19488922
0.94441885	0.12570246
0.94442147	0.12815292
0.9444101	0.22506876
0.9444127	0.13847126
0.9444106	0.14461221
0.9443993	0.19229276
0.94440657	0.104827315
0.94440913	0.13443509
0.94441634	0.09876667
0.9444282	0.0968081
0.9444354	0.09686558
0.9444334	0.09793844
0.9444452	0.07769928
0.94444317	0.12592444
0.9444411	0.13338149
0.9444206	0.23701994
0.94440466	0.2141109
0.944398	0.14728676
0.9444006	0.110847205
0.9444032	0.1086922
0.9444196	0.08615537
0.9444222	0.10811315
0.9444155	0.104161374
0.9444365	0.0858718
0.94443905	0.15306684
0.944437	0.14835888
0.9444396	0.12548514
0.944433	0.1833186
0.9444125	0.19187237
0.9444243	0.0839275
0.94442683	0.11023333
0.9444202	0.155085
0.9444228	0.15547328
0.94442075	0.12674981
0.9444325	0.100812025
0.94443506	0.12530623
0.94443756	0.13430393
0.9444218	0.17944661
0.9444335	0.07681166
0.9444361	0.112910606
0.94444776	0.089878485
0.9444457	0.13546437
0.94444823	0.18057494
0.9444599	0.06081443
0.9444579	0.15794544
0.944465	0.11922534
0.944472	0.09891912
0.94446546	0.15009212
0.9444816	0.079517476
0.94447047	0.16128623
0.94446844	0.12895527
0.94447094	0.11956214
0.94447803	0.085706756
0.9444896	0.11134635
0.9445103	0.057098456
0.94450825	0.12211403
0.9445198	0.08744791
0.94452226	0.10970387
0.94453835	0.07308261
0.94454086	0.10224639
0.9445433	0.08610345
0.9445412	0.12472809
0.94454825	0.13623032
0.94454616	0.12361929
0.94454414	0.11234537
0.9445376	0.1451464
0.9445491	0.121143095
0.9445515	0.12357303
0.944545	0.20968157
0.9445474	0.11531809
0.94453186	0.19476175
0.9445253	0.14319882
0.9445233	0.12782821
0.9445212	0.12457828
0.9445327	0.0964225
0.94453967	0.10811594
0.9445286	0.18555026
0.9445311	0.14345956
0.9445245	0.19024828
0.944536	0.06712544
0.9445429	0.07638708
0.9445454	0.14330934
0.94453883	0.15149966
0.9445592	0.06544629
0.9445437	0.1628785
0.94453275	0.16861159
0.9445307	0.110569276
0.9445242	0.13370389
0.9445267	0.13723993
0.94452465	0.11362705
0.9445137	0.1359487
0.94451165	0.12819834
0.944532	0.047312036
0.94454336	0.1085219
0.94454134	0.12858045
0.94451255	0.25618276
0.9445105	0.11132893
0.94451743	0.15255998
0.94450206	0.14139368
0.9445001	0.15041715
0.9444936	0.18202177
0.94448274	0.121122874
0.94449407	0.08851774
0.9445009	0.15715921
0.94451225	0.10877419
0.9445147	0.16504051
0.9444994	0.20681594
0.9445063	0.112369806
0.9445087	0.11022312
0.9445156	0.08536549
0.94450915	0.16773254
0.944516	0.10283654
0.94452727	0.13879074
0.94452524	0.15051329
0.94451886	0.11128209
0.9445301	0.084529966
0.9445369	0.16204964
0.9445305	0.1907196
0.9445241	0.13323867
0.94454414	0.08726715
0.94454217	0.124800004
0.94454455	0.1161821
0.94455576	0.07920572
0.94456697	0.11854428
0.9445782	0.09474975
0.94457614	0.1083406
0.9445917	0.07414802
0.9445853	0.18442751
0.9445877	0.10096329
0.9445725	0.17992586
0.9445793	0.12602367
0.94458604	0.111890405
0.9445884	0.14035879
0.9445864	0.15183334
0.94458	0.14261717
0.9445824	0.16446555
0.944576	0.16617684
0.9445871	0.098458745
0.94458073	0.21056436
0.94457436	0.13268444
0.9445811	0.11241235
0.9445835	0.12620543
0.9445902	0.11430144
0.9445926	0.09645077
0.9445949	0.15220651
0.94459295	0.17000422
0.9445996	0.16224277
0.9445933	0.1295939
0.94459563	0.12016239
0.9446111	0.062066328
0.94460905	0.13619989
0.94460267	0.19267765
0.94457895	0.2783705
0.9445857	0.10173397
0.94458365	0.1410708
0.94458604	0.17644711
0.94458836	0.12957795
0.94459504	0.12533943
0.94460607	0.11375015
0.94459975	0.16292946
0.9446021	0.11881771
0.9445871	0.16230012
0.94460243	0.066448726
0.94459176	0.22278804
0.94459844	0.14256886
0.9446094	0.07081387
0.9445988	0.1753066
0.9445925	0.15684845
0.94458187	0.19346856
0.94457126	0.14487019
0.9445865	0.07977095
0.9446061	0.074890174
0.9446041	0.10223209
0.9445892	0.22890644
0.94458723	0.12546192
0.9446025	0.09307105
0.9445919	0.1511538
0.9445856	0.1751191
0.9446052	0.07464586
0.9446161	0.0853449
0.94461405	0.12869169
0.94462496	0.094288476
0.9446273	0.10147218
0.9446296	0.109328136
0.9446233	0.1779222
0.94461274	0.13834445
0.94461936	0.08444895
0.9446259	0.07653436
0.94462824	0.16734453
0.9446263	0.16377945
0.94462854	0.15078668
0.9446394	0.06603344
0.9446374	0.123784564
0.9446397	0.16547965
0.944642	0.17808579
0.9446528	0.07579185
0.9446679	0.074078485
0.94467866	0.07853328
0.9446767	0.12316957
0.94467896	0.13903412
0.944677	0.112333745
0.94467926	0.09981635
0.9446943	0.09587953
0.94467527	0.18138298
0.94466054	0.23446065
0.9446585	0.12606066
0.94465655	0.12547515
0.9446418	0.22774428
0.94463986	0.16890058
0.94463366	0.14398682
0.94464016	0.08950274
0.9446297	0.22230844
0.94464475	0.09890969
0.94461733	0.21729136
0.9446154	0.09375055
0.94460076	0.16184078
0.94460726	0.09137967
0.94459265	0.13237831
0.9445907	0.13617186
0.94459295	0.10872215
0.9445953	0.11644751
0.9445933	0.1295565
0.94460404	0.09737442
0.94459367	0.23458952
0.94459593	0.15618128
0.9445898	0.17447586
0.9445879	0.13726515
0.94459015	0.117229216
0.9445924	0.1554204
0.9445863	0.12061178
0.9445928	0.11675446
0.94458663	0.17277868
0.9445763	0.16763864
0.9445786	0.093997024
0.94458085	0.14763328
0.94458735	0.09968482
0.9445896	0.1742799
0.94458765	0.14059828
0.9446025	0.07179202
0.94460475	0.111082524
0.94459444	0.17064978
0.94460094	0.08606448
0.944599	0.14672284
0.94459707	0.21611875
0.944591	0.15706871
0.94459325	0.09830362
0.94459546	0.10833665
0.94461024	0.09096341
0.9446125	0.15857099
0.9446231	0.07948751
0.94460034	0.22600764
0.94459844	0.124060184
0.94459647	0.16315141
0.94459873	0.11647348
0.9446176	0.07425898
0.9446157	0.13311672
0.94460547	0.11429964
0.94460356	0.12798256
0.9445975	0.13795677
0.94457895	0.18036327
0.94459367	0.06777202
0.9445793	0.15869881
0.9445774	0.1689034
0.94458383	0.13826668
0.94457775	0.14923754
0.94456756	0.16271667
0.94456154	0.14129907
0.944568	0.11900611
0.9445661	0.115732126
0.94456416	0.10298052
0.9445664	0.12419447
0.9445769	0.0935227
0.9445916	0.06903893
0.94458556	0.11879365
0.94458777	0.10868981
0.94459826	0.103365935
0.944584	0.19005151
0.944578	0.1303195
0.9445843	0.14466274
0.94458246	0.10105851
0.94458467	0.15544
0.94459105	0.081867285
0.9445809	0.25595152
0.9445831	0.100476116
0.9445854	0.11588379
0.9445876	0.15157725
0.9445939	0.13451636
0.9446002	0.10732022
0.94458604	0.2701767
0.9445801	0.2039002
0.9445782	0.14913939
0.944564	0.15596984
0.94456625	0.12643076
0.9445766	0.07324218
0.9445789	0.104908615
0.9445811	0.1329224
0.9445874	0.12880984
0.9445896	0.11545628
0.9446041	0.0636834
0.9446063	0.12579185
0.9446167	0.1563347
0.94461477	0.11066703
0.9446292	0.0613472
0.9446192	0.20801027
0.9446214	0.19447275
0.94463575	0.07274855
0.9446461	0.11865458
0.94464827	0.11996681
0.9446545	0.10159893
0.94464856	0.17242627
0.94465077	0.14642899
0.9446611	0.091421984
0.9446551	0.1327346
0.94465727	0.14445603
0.9446676	0.07303595
0.9446738	0.07682875
0.9446678	0.22537066
0.9446741	0.11324978
0.94465595	0.22412445
0.94464594	0.15739655
0.9446441	0.17005634
0.94463813	0.18186276
0.9446565	0.05565053
0.9446627	0.08481824
0.9446689	0.14877696
0.944663	0.19703953
0.94467324	0.090925395
0.9446754	0.11117546
0.94467753	0.12205164
0.9446918	0.07013139
0.94468987	0.16997823
0.9446799	0.12034298
0.94468206	0.15219001
0.94469225	0.07304175
0.9446904	0.154074
0.94469655	0.11909847
0.94469464	0.19759212
0.94471693	0.03602438
0.9447029	0.23313221
0.94470507	0.12153517
0.94469917	0.15925775
0.94469327	0.1170865
0.94470745	0.072362006
0.94470555	0.1587888
0.9447077	0.10176086
0.94472986	0.044069186
0.9447159	0.16599101
0.94471	0.1230509
0.9446961	0.15332465
0.9446983	0.10300833
0.94467634	0.22744007
0.9446865	0.08642783
0.9446886	0.12966391
0.94469076	0.15347329
0.94468087	0.14583267
0.94465905	0.24020915
0.94466513	0.14229237
0.9446713	0.2127215
0.9446694	0.13164602
0.9446715	0.071831904
0.9446617	0.15344046
0.94467974	0.07697034
0.94468987	0.10502549
0.94469994	0.10911781
0.944706	0.14494047
0.9447081	0.11896947
0.9447142	0.15323511
0.94471633	0.1111857
0.9447184	0.12891297
0.9447324	0.08474508
0.9447305	0.16717473
0.9447406	0.09377082
0.9447506	0.10738825
0.9447566	0.1318596
0.9447587	0.15479097
0.9447608	0.13335805
0.9447629	0.1336568
0.94477683	0.07755201
0.94478285	0.090691544
0.9447889	0.08996752
0.94478303	0.18593542
0.94478905	0.12482315
0.9447832	0.1544086
0.94479316	0.10012602
0.9447834	0.1681333
0.9447854	0.08732463
0.94479144	0.09802027
0.9447856	0.1323494
0.9447837	0.12676781
0.9447897	0.08427495
0.94479173	0.16216221
0.9448135	0.051801726
0.9447998	0.19503309
0.9447979	0.12520565
0.94481176	0.07102551
0.9448059	0.13564081
0.94480795	0.10104224
0.9448061	0.14064284
0.94481206	0.14213723
0.9448141	0.17218024
0.9448044	0.14355396
0.94481033	0.09823881
0.94482803	0.061821274
0.9448418	0.078942634
0.9448321	0.17980011
0.94482625	0.13045308
0.9448283	0.102518156
0.94483423	0.11474722
0.9448206	0.20862323
0.944807	0.20691866
0.94482464	0.07285021
0.9448423	0.054217253
0.9448443	0.13061975
0.94484633	0.1271113
0.94486004	0.083024085
0.94486594	0.10448835
0.9448758	0.09926911
0.94487774	0.09293909
0.94489145	0.08083923
0.94488955	0.14843412
