0.94	0.16021127
0.935	0.17190354
0.92333335	0.23843719
0.9175	0.21707849
0.924	0.15685618
0.9166667	0.2602068
0.9071429	0.2917601
0.9	0.25595587
0.9022222	0.16374227
0.904	0.20925896
0.8990909	0.2669005
0.9	0.22651094
0.90307695	0.16437735
0.9021429	0.24020892
0.906	0.19811888
0.901875	0.3228784
0.9	0.19579555
0.89611113	0.28648716
0.8947368	0.28242642
0.897	0.19435176
0.89761907	0.19296904
0.8972727	0.23652154
0.8969565	0.27848664
0.8975	0.17254645
0.8976	0.20056556
0.89884615	0.20373468
0.89925927	0.19152354
0.8982143	0.24983248
0.89862067	0.20149346
0.898	0.26982749
0.8980645	0.24367754
0.8975	0.23554638
0.8960606	0.33506402
0.89617646	0.26052073
0.8957143	0.29768276
0.895	0.32122582
0.8937838	0.3144066
0.8944737	0.18604177
0.8948718	0.23616856
0.89575	0.2563904
0.89560974	0.268554
0.89547616	0.27759892
0.8967442	0.12301419
0.89681816	0.24279392
0.8971111	0.24763878
0.8976087	0.17985664
0.8980851	0.24042477
0.89875	0.16332504
0.9	0.2186203
0.9008	0.17555824
0.90156865	0.18457872
0.90134615	0.28552586
0.9018868	0.21940558
0.90092593	0.30778196
0.9003636	0.26028222
0.9010714	0.2010499
0.9014035	0.18760559
0.90189654	0.18301778
0.90101695	0.267983
0.90066665	0.28315055
0.90016395	0.26616222
0.9	0.23086753
0.90063494	0.20146658
0.89984375	0.33668965
0.9003077	0.14621368
0.9004545	0.23867303
0.9016418	0.15066546
0.90205884	0.19122957
0.902029	0.18106544
0.9027143	0.19616087
0.90295774	0.22863193
0.9027778	0.22590233
0.90246576	0.25907183
0.9027027	0.20619026
0.90213335	0.26889032
0.9023684	0.17708963
0.902987	0.12735887
0.90320516	0.16240415
0.90303797	0.2786729
0.903125	0.19659047
0.902963	0.24832888
0.90304875	0.19312401
0.903253	0.17510869
0.9034524	0.18535115
0.9038823	0.16141552
0.9036046	0.22604363
0.9039081	0.13332404
0.90420455	0.20376444
0.9039326	0.23609139
0.9032222	0.40467238
0.9034066	0.19817078
0.903587	0.22715448
0.90387094	0.14978305
0.90404254	0.18119106
0.9042105	0.20254903
0.9042708	0.24001592
0.9046392	0.16313946
0.90459186	0.23128752
0.9045454	0.25911894
0.9043	0.21996754
0.9040594	0.24963292
0.9042157	0.1716634
0.90446603	0.20141497
0.9042308	0.2678617
0.904	0.27009812
0.9038679	0.24066263
0.90392524	0.22585993
0.9036111	0.27193907
0.9036697	0.21908544
0.90327275	0.278802
0.9031532	0.25391892
0.9032143	0.22230707
0.90309733	0.22204077
0.902807	0.24482659
0.9028696	0.29154453
0.9030172	0.229836
0.902906	0.24952042
0.9033898	0.13111463
0.90361345	0.19553083
0.9040833	0.17092618
0.9038843	0.25115955
0.9040164	0.24418604
0.9042276	0.1796035
0.9041129	0.28003204
0.90416	0.2212064
0.9042857	0.1481385
0.9044882	0.2029194
0.905	0.15843894
0.9048062	0.2709765
0.90476924	0.27517444
0.9049618	0.20371458
0.90484846	0.29241788
0.9047368	0.24224555
0.9042537	0.32309842
0.9040741	0.2253376
0.9040441	0.2142127
0.90343064	0.39815295
0.90369564	0.19555412
0.90395683	0.13578628
0.9039286	0.24238521
0.9039007	0.22860669
0.90394366	0.2412801
0.90405595	0.18909776
0.9040972	0.25500026
0.9035862	0.3085438
0.90363014	0.22265196
0.9034014	0.33554688
0.90337837	0.2502869
0.90342283	0.2502779
0.90326667	0.23919843
0.90331125	0.23625782
0.90342104	0.26298857
0.9035294	0.19914319
0.9031818	0.25144237
0.9030968	0.29755777
0.90307695	0.282956
0.90305734	0.25133663
0.90329117	0.122296914
0.90314466	0.27861375
0.9031875	0.21875945
0.90335405	0.20062876
0.9030864	0.26292452
0.9031902	0.2428545
0.9032317	0.19356926
0.9030909	0.2802615
0.90319276	0.21152025
0.90293413	0.27954996
0.90309525	0.2046768
0.90325445	0.14948623
0.9032353	0.2529007
0.90339184	0.1738216
0.9036046	0.13937049
0.9034104	0.254099
0.90327585	0.2633528
0.9032	0.24710013
0.90340906	0.15431382
0.90367234	0.1615002
0.90370786	0.18318872
0.90363127	0.276804
0.90327775	0.38666946
0.90281767	0.48490256
0.9026923	0.22237074
0.9023497	0.32179174
0.90233696	0.21445565
0.9023784	0.2134842
0.9024731	0.28384262
0.9024599	0.2675206
0.90228724	0.28843722
0.9021693	0.32744297
0.9021053	0.22881894
0.9017801	0.29138106
0.9016146	0.26435938
0.9019689	0.14685702
0.90195876	0.24319905
0.9015385	0.35285118
0.9014796	0.2543225
0.9015736	0.22022976
0.90161616	0.2105022
0.90160805	0.23421593
0.90155	0.23276955
0.901592	0.23542862
0.9016337	0.18893863
0.9012315	0.3177272
0.9012745	0.18093836
0.901122	0.2673312
0.9009709	0.24010016
0.9006763	0.3591517
0.90072113	0.23134232
0.9006699	0.29231414
0.9009048	0.16307753
0.90104264	0.16130316
0.9010849	0.2479033
0.9012676	0.22730212
0.9012617	0.25102556
0.9009767	0.32079926
0.90069443	0.31406537
0.90059906	0.2418815
0.9005505	0.19266233
0.9004566	0.24511725
0.9004091	0.28170076
0.9002715	0.2727446
0.9004054	0.2109304
0.90035874	0.20870243
0.9004464	0.23058693
0.9004	0.24251679
0.9004867	0.18333201
0.90057266	0.2438634
0.90052634	0.26464036
0.9005677	0.20490676
0.90065217	0.15635629
0.90056276	0.31094792
0.9005172	0.21482937
0.9006867	0.18046905
0.900812	0.22499566
0.9011489	0.12736206
0.90101695	0.27925807
0.90109706	0.20241275
0.90113443	0.24657696
0.9009205	0.28772098
0.9009167	0.25309324
0.90095437	0.22697264
0.90099174	0.23007843
0.90106994	0.27456418
0.9010656	0.2023289
0.9010204	0.22029476
0.90117884	0.24504259
0.90105265	0.28155422
0.9009274	0.28129232
0.9010442	0.15920474
0.9008	0.37154076
0.90071714	0.22946995
0.90059525	0.22015049
0.90055335	0.23430651
0.9006693	0.21103765
0.90082353	0.14648545
0.9007813	0.22453293
0.90077823	0.2448998
0.9010465	0.12363857
0.9011197	0.19489223
0.9010769	0.22280173
0.90114945	0.2384514
0.9010687	0.25387475
0.9010266	0.24633533
0.9010606	0.19310865
0.9010566	0.23024708
0.9010902	0.21108618
0.9011985	0.18638399
0.9011567	0.26442516
0.9009294	0.34722733
0.90096295	0.20933197
0.9009963	0.21915802
0.90091914	0.24765925
0.90076923	0.26993054
0.9006934	0.20937197
0.90065455	0.27134374
0.90061593	0.26897824
0.90075815	0.19326778
0.9008633	0.20208079
0.90078855	0.24461196
0.90085715	0.22370104
0.9008897	0.24164195
0.90099293	0.1833532
0.90095407	0.21245304
0.9009155	0.25724912
0.90101755	0.18411249
0.9011888	0.14515992
0.9012195	0.18906736
0.90125	0.25213248
0.9012111	0.21186824
0.9013103	0.21416065
0.9011684	0.24652576
0.90113014	0.24465771
0.9011604	0.21195969
0.90112245	0.1714904
0.90115255	0.21381842
0.9012838	0.2340884
0.90107745	0.27077615
0.9010738	0.24640794
0.90107024	0.2050622
0.90096664	0.24571232
0.90106314	0.23225874
0.9008609	0.39453343
0.9010561	0.1596869
0.90095395	0.27258942
0.9010164	0.21705976
0.90104574	0.21125288
0.9010098	0.20207089
0.90103894	0.20870101
0.90100324	0.25357512
0.90083873	0.3459262
0.9008682	0.26400444
0.9009295	0.20177262
0.90086263	0.22489561
0.900828	0.19456114
0.9007619	0.21289328
0.9008544	0.17708954
0.90091485	0.22993667
0.90078616	0.25326356
0.9006583	0.31215045
0.90046877	0.28851932
0.90043616	0.23785217
0.9004348	0.24370041
0.90049535	0.20516373
0.9006173	0.21552278
0.9004923	0.2913059
0.9003988	0.30707532
0.9004281	0.17488039
0.9004878	0.1797505
0.90033436	0.3730888
0.90039396	0.19544113
0.9005136	0.13885064
0.90048194	0.30459967
0.90036035	0.34748062
0.9004192	0.22256927
0.9004179	0.24354391
0.9003571	0.21550655
0.90035605	0.22606869
0.9003254	0.24092382
0.90035397	0.2779805
0.9005294	0.12073701
0.90064514	0.15801778
0.90070176	0.20577115
0.900758	0.1669121
0.9006686	0.291094
0.90072465	0.21167797
0.90069366	0.2784952
0.9006916	0.24285358
0.9007471	0.2182352
0.9008023	0.16621824
0.9008857	0.15244427
0.9006268	0.36981076
0.9007102	0.22590822
0.9004816	0.4001542
0.90056497	0.20635033
0.90059155	0.21909706
0.9005899	0.26832965
0.9005602	0.2860212
0.9006704	0.11401083
0.90064067	0.2777565
0.9006111	0.24302089
0.90060943	0.20498398
0.9006077	0.21674891
0.90060604	0.2320343
0.90060437	0.21706647
0.90060276	0.22708754
0.9006284	0.17936988
0.90070844	0.20347705
0.90067935	0.21947247
0.900813	0.17357704
0.9007568	0.20508415
0.9007817	0.21803871
0.9008064	0.17813206
0.90088475	0.1995494
0.90080214	0.26285535
0.90074664	0.284814
0.9007181	0.24963903
0.90058357	0.3001167
0.900582	0.30697888
0.90055406	0.23385404
0.9006316	0.19402908
0.9007874	0.12646022
0.9004974	0.457757
0.90046996	0.19577919
0.9004427	0.21444878
0.9004935	0.21621078
0.9004663	0.2315306
0.90043926	0.23993397
0.900567	0.15179281
0.90061694	0.18761173
0.9005641	0.3089813
0.9005882	0.25590616
0.9005612	0.22724208
0.90063614	0.20793243
0.90058374	0.22770059
0.9006329	0.14535403
0.9007828	0.13082363
0.90075564	0.21382917
0.90072864	0.27073804
0.9007268	0.23302077
0.900725	0.18943308
0.9005985	0.28317416
0.9006219	0.18043858
0.9004963	0.31644922
0.9004703	0.26102722
0.9005432	0.20305105
0.9005172	0.21346141
0.90044224	0.2345304
0.9004167	0.23452917
0.900489	0.1629533
0.90060973	0.18872334
0.9005353	0.3069353
0.90058255	0.1987104
0.9006295	0.19158097
0.90055555	0.30045602
0.90045786	0.25361875
0.9004567	0.21955042
0.90045565	0.2032404
0.9004306	0.24112919
0.9004296	0.21133302
0.9004286	0.23112474
0.9003563	0.2932749
0.90033174	0.21916585
0.90044916	0.16014141
0.9003538	0.2674739
0.9003765	0.19320884
0.900446	0.1813396
0.9004918	0.21625805
0.9005374	0.20214982
0.90062934	0.21049753
0.90065116	0.22002679
0.90067285	0.24415903
0.9005324	0.32604936
0.900485	0.26473406
0.9005069	0.21952909
0.9005057	0.21673977
0.90048164	0.2271988
0.90052634	0.2149168
0.9006393	0.12076755
0.90059227	0.27758574
0.9005909	0.20148264
0.9007256	0.14948076
0.90076923	0.21294875
0.9007901	0.2300116
0.9008333	0.16413817
0.9009438	0.166393
0.9009417	0.21286963
0.9010962	0.121664755
0.90113837	0.23875548
0.9012027	0.1879079
0.9012	0.2321048
0.9011973	0.24433655
0.9011283	0.34380186
0.9012583	0.13811426
0.9013877	0.14722447
0.90136266	0.19663115
0.9014254	0.16178612
0.90140045	0.20835459
0.9013537	0.20360014
0.90137255	0.1900763
0.901413	0.21990454
0.90149677	0.14299864
0.90162337	0.13268033
0.90168464	0.17837559
0.9016595	0.25785777
0.9015914	0.23052509
0.9016309	0.24232155
0.9017131	0.12907371
0.90166664	0.25498158
0.90162045	0.26102084
0.9017021	0.17329755
0.9015924	0.33310336
0.9016525	0.17963482
0.9016279	0.22470476
0.9016034	0.25392774
0.9015368	0.21260563
0.90140754	0.29305524
0.9014046	0.25646493
0.9014017	0.20396541
0.90133613	0.28787452
0.90141666	0.19085209
0.90155923	0.12341352
0.901639	0.20066017
0.9015735	0.21480477
0.90163225	0.20454954
0.9015876	0.2377748
0.9014815	0.26770318
0.90143734	0.2188332
0.90137297	0.2264839
0.90134966	0.2650149
0.9013469	0.1982546
0.9012627	0.23544337
0.9012398	0.2240091
0.9011968	0.23903473
0.9012348	0.19709007
0.90133333	0.16120012
0.9012903	0.27301657
0.90128773	0.22153972
0.9012651	0.2492977
0.9012425	0.23892334
0.90128	0.205491
0.90131736	0.23509188
0.90133464	0.20974214
0.9013121	0.36214378
0.90136904	0.16899729
0.9012277	0.2800995
0.90126485	0.1858718
0.9013412	0.20270517
0.901378	0.23509906
0.9013556	0.26723683
0.90133333	0.23171146
0.9014286	0.12860978
0.9014844	0.16406034
0.9015205	0.23769026
0.90159535	0.15445213
0.90163106	0.26945978
0.9015698	0.2898465
0.90158606	0.18190132
0.9015251	0.28817457
0.9014836	0.25124297
0.9014231	0.32643288
0.90142035	0.20190935
0.90149426	0.18272005
0.9015296	0.20468807
0.9015649	0.25300676
0.90154284	0.22128515
0.9015399	0.23304059
0.9016129	0.139082
0.9016288	0.2181686
0.9016068	0.2422414
0.9015472	0.23264092
0.9015443	0.18705302
0.90144736	0.27077353
0.90136963	0.29285932
0.90125465	0.3588131
0.90127105	0.17706724
0.9011194	0.33655804
0.90119183	0.17911461
0.901171	0.21938092
0.90113175	0.3186472
0.90114814	0.19430918
0.90109056	0.33336586
0.901107	0.16808937
0.9011418	0.21134835
0.90123165	0.21506472
0.901211	0.22461338
0.90131867	0.14252295
0.9013163	0.18616806
0.9012956	0.2540714
0.9013297	0.20317611
0.90134543	0.2648405
0.9014519	0.16449052
0.90143114	0.23878221
0.9014286	0.23052841
0.9014982	0.154934
0.9015856	0.15268457
0.9016367	0.15977053
0.9016517	0.19994512
0.9016129	0.26497766
0.9016279	0.20748645
0.9015357	0.27684322
0.9015508	0.22529095
0.90151244	0.2519728
0.9014032	0.26089296
0.90141845	0.22280699
0.90145135	0.22181608
0.9015018	0.14023715
0.90151674	0.23559918
0.9015317	0.16125835
0.901529	0.22454676
0.9014386	0.29187322
0.90140104	0.24080724
0.90138113	0.2645711
0.90132636	0.30916566
0.90134144	0.21339744
0.9013565	0.17136307
0.90137154	0.2192032
0.9014385	0.115202844
0.9014706	0.17512867
0.9015371	0.21163967
0.90158623	0.17445011
0.90170395	0.12413177
0.9016495	0.28940034
0.9016981	0.17950982
0.90172946	0.19579667
0.9017094	0.2604495
0.90180886	0.10795202
0.901891	0.18450077
0.90192175	0.22217296
0.90188456	0.23057947
0.90188134	0.36794347
0.90201354	0.12002989
0.90204394	0.198278
0.9020405	0.2279708
0.9020202	0.20515904
0.9020168	0.2472481
0.9020134	0.24529804
0.90206033	0.18075895
0.9020903	0.1937646
0.9020367	0.2975127
0.90213335	0.13969521
0.90212977	0.22410072
0.90215945	0.19367856
0.9021559	0.18300521
0.90216887	0.23664726
0.9021322	0.19714771
0.9021122	0.2077328
0.90215814	0.16364467
0.9021546	0.241211
0.9021182	0.26252097
0.90213114	0.17445192
0.902144	0.2242631
0.9021732	0.18638994
0.9022023	0.19521743
0.9022313	0.25297338
0.90229267	0.16313295
0.9022727	0.24622238
0.90223664	0.24713293
0.902233	0.23346956
0.90219706	0.22773544
0.90224195	0.21191908
0.9022061	0.264188
0.90226686	0.16343804
0.9022632	0.21258987
0.9022596	0.16836035
0.902272	0.2482256
0.9023482	0.23346028
0.9024242	0.20553873
0.9024204	0.24975756
0.90243244	0.17756218
0.90234923	0.39722234
0.9022821	0.30146962
0.9022785	0.2139217
0.9023223	0.18834324
0.9023186	0.21696672
0.9022677	0.23199818
0.9022956	0.2588669
0.9023705	0.18426767
0.9024608	0.15415694
0.90241003	0.3403844
0.902375	0.27008954
0.9024337	0.1685366
0.9024143	0.26356006
0.90234834	0.27621615
0.90236026	0.17817098
0.9022946	0.2564784
0.90239936	0.108907215
0.90244204	0.23356038
0.90242285	0.20465231
0.9024191	0.23882096
0.9023538	0.3003818
0.9023963	0.1876486
0.90243864	0.21137352
0.902389	0.2981384
0.90246177	0.10887495
0.9024733	0.18601461
0.9024848	0.2349726
0.9025419	0.15436308
0.902538	0.2059791
0.9025038	0.23241207
0.90254545	0.21118464
0.90251136	0.3207189
0.90249246	0.18661533
0.9024736	0.24022281
0.90248495	0.21349664
0.9024812	0.25924772
0.9025075	0.21347779
0.9025037	0.22291668
0.9025	0.21426193
0.9024813	0.24492069
0.90238804	0.32055464
0.9023994	0.22213212
0.9024405	0.19320911
0.9024666	0.16083229
0.90252227	0.18182558
0.9025037	0.25597745
0.9025888	0.12587504
0.9025406	0.2765054
0.90255165	0.23467454
0.9025331	0.21530737
0.902603	0.136749
0.90264314	0.21455961
0.90263927	0.2584523
0.9026061	0.36448032
0.902617	0.27642405
0.90259856	0.24070261
0.9026239	0.22842047
0.9026346	0.2185991
0.90264535	0.24180374
0.90255445	0.33061382
0.9026087	0.15946603
0.9025036	0.33117375
0.90245664	0.25586846
0.9024098	0.25929862
0.90244955	0.25573665
0.90244603	0.23928756
0.9023707	0.3096118
0.9024103	0.20754775
0.90243554	0.18101187
0.902432	0.21801974
0.9023714	0.34884456
0.90236807	0.21335629
0.9023077	0.30490038
0.90229017	0.23853685
0.9022585	0.24703087
0.9022695	0.23833716
0.90230876	0.22524184
0.9022631	0.21212
0.90230227	0.1425377
0.90232724	0.18299589
0.902338	0.23041907
0.9023207	0.22952229
0.90227526	0.27079833
0.9022721	0.22135372
0.9023249	0.18730722
0.90241957	0.10364712
0.9024441	0.23957983
0.90238494	0.22598752
0.9024373	0.18205717
0.9023505	0.33219302
0.9023472	0.2615515
0.9023301	0.21635811
0.9023546	0.24764189
0.902379	0.22299965
0.9024033	0.20747596
0.9023862	0.21614084
0.90243804	0.1737968
0.90240717	0.24836813
0.90236264	0.28349137
0.90240055	0.19256027
0.90238357	0.21997207
0.90240765	0.17144413
0.902418	0.20549905
0.9023329	0.32635453
0.9023978	0.18195097
0.9024082	0.1896823
0.9024049	0.21132961
0.9024559	0.19548981
0.90247965	0.19147886
0.90244925	0.27050704
0.9025135	0.14619614
0.9025371	0.2236779
0.9025741	0.13739218
0.90263796	0.17726515
0.90266126	0.30243728
0.90268457	0.1705532
0.9027346	0.14146289
0.90267736	0.29660818
0.9026738	0.23027433
0.90265685	0.23148346
0.90265334	0.25021392
0.9026631	0.24622002
0.9026729	0.2547969
0.9026826	0.22428314
0.9026923	0.26395735
0.9027285	0.1700048
0.90267193	0.27787971
0.90265524	0.264095
0.9026517	0.26349396
0.9026482	0.22820526
0.9026842	0.23528264
0.9026807	0.22914538
0.90272963	0.14777729
0.9027654	0.16934083
0.902788	0.2087845
0.9028497	0.14223227
0.9027937	0.35232928
0.9027249	0.33568546
0.90278643	0.18838957
0.90278286	0.1986828
0.9027922	0.2219551
0.9028405	0.1692664
0.9028886	0.15832098
0.9028719	0.19486926
0.9028036	0.32267064
0.9028387	0.15956768
0.9028737	0.20876151
0.9028314	0.24702653
0.9028663	0.19542606
0.902837	0.21453401
0.9028718	0.15858008
0.9028425	0.2990981
0.9028772	0.1791159
0.90288633	0.23253371
0.90284437	0.2704483
0.9028408	0.20233636
0.9028626	0.20447583
0.90288436	0.18837228
0.90291876	0.18722712
0.9028897	0.31776828
0.9028354	0.28854525
0.9028445	0.19986957
0.9028283	0.23799923
0.9028247	0.32270205
0.9027834	0.23715019
0.9027799	0.24607584
0.90276384	0.2872879
0.9028607	0.096846536
0.9028446	0.32258862
0.9028285	0.2905835
0.902825	0.17880659
0.90284646	0.21238141
0.90285534	0.19823292
0.90287673	0.19235173
0.90283585	0.27084684
0.9028696	0.20098066
0.902866	0.22989048
0.9028872	0.19315243
0.9029332	0.18324155
0.90292954	0.22528274
0.90295064	0.22806817
0.9029347	0.24415307
0.9029434	0.21124631
0.90293974	0.2167635
0.902973	0.1803714
0.9029693	0.2294317
0.90297794	0.20328599
0.9029865	0.23676777
0.9030073	0.1694866
0.9030281	0.2038722
0.903	0.23416664
0.9030572	0.1781752
0.9030535	0.2554097
0.9030255	0.2676065
0.903034	0.26886213
0.9030303	0.23766352
0.90303874	0.18767422
0.90308344	0.18388692
0.9030797	0.17681165
0.90308803	0.22632298
0.9031446	0.1770014
0.9031408	0.22490224
0.90318507	0.15841746
0.9032173	0.1851562
0.90321344	0.2110741
0.9031856	0.23700726
0.9031938	0.27126485
0.90321386	0.21885566
0.9032697	0.1412404
0.9032777	0.23978174
0.9032976	0.18253894
0.9032918	0.15464784
0.90332353	0.13354646
0.9033196	0.235249
0.9033275	0.20268957
0.9033117	0.24127458
0.9033551	0.18259813
0.903363	0.20564808
0.9033472	0.2921414
0.9033786	0.16810466
0.9033511	0.2915632
0.9032649	0.41363102
0.90328455	0.18856063
0.9032924	0.20371887
0.9032768	0.24793452
0.90328467	0.24116597
0.9032458	0.30096924
0.9032303	0.23867561
0.90323824	0.19780847
0.9032577	0.16614477
0.9032074	0.28287053
0.9032153	0.22294448
0.90315354	0.28265065
0.90320784	0.2023216
0.90320414	0.22046994
0.90320045	0.2735673
0.90324295	0.1493222
0.90325075	0.26259446
0.9032124	0.31655896
0.90320873	0.18523872
0.90321654	0.25004506
0.9031669	0.29874733
0.9031862	0.22164667
0.90318257	0.25840703
0.9032247	0.16183494
0.90323246	0.18593368
0.9032402	0.20439726
0.90322506	0.23261072
0.9032556	0.14840616
0.9032974	0.17178667
0.9032709	0.23847081
0.9033126	0.15240666
0.9033316	0.21742189
0.90331644	0.23126343
0.903324	0.24772216
0.9033316	0.1983376
0.9033165	0.21234126
0.90333533	0.2043826
0.90337664	0.15308732
0.9033728	0.1836701
0.90336907	0.21731529
0.90337646	0.20259237
0.9033839	0.18326813
0.90334654	0.2612626
0.9032756	0.29932347
0.9033279	0.12918924
0.90336883	0.12226027
0.90340966	0.1636414
0.90342814	0.16346344
0.90346885	0.13448295
0.9034872	0.2250131
0.9034945	0.21691845
0.9034906	0.20035619
0.9034978	0.23128456
0.90354925	0.1496708
0.9035343	0.22063328
0.9035414	0.28172702
0.9035265	0.21346386
0.90355563	0.13186662
0.90359575	0.16969849
0.90364677	0.17804709
0.9036318	0.23676117
0.9036717	0.21302637
0.9036348	0.30338457
0.9036527	0.22410755
0.90365964	0.20667009
0.90365565	0.21452248
0.9037062	0.12950644
0.9036913	0.24108677
0.90369815	0.2604289
0.9036724	0.2486946
0.9036684	0.21367842
0.90374035	0.09497775
0.903758	0.2756235
0.90372145	0.23383065
0.90373904	0.15733352
0.90369177	0.3039402
0.9036878	0.26269066
0.90367305	0.20473953
0.9037337	0.17494568
0.90371895	0.20785753
0.90370417	0.23632067
0.90361434	0.48850042
0.9036212	0.2695543
0.9036816	0.14384864
0.90372044	0.15614282
0.903802	0.10696787
0.9037979	0.22939691
0.90380454	0.20041506
0.9038537	0.16920465
0.903839	0.300349
0.9038668	0.21402487
0.90388393	0.15673402
0.9038692	0.22796029
0.9039181	0.1418691
0.90398806	0.14773144
0.9039733	0.28826004
0.90400076	0.15538256
0.9040176	0.19247393
0.90397125	0.2769141
0.9040197	0.16051736
0.9040471	0.19311652
0.9040323	0.20414907
0.90402806	0.19851957
0.9040448	0.15648127
0.9040196	0.22827807
0.9040154	0.24672462
0.90404254	0.15978062
0.904007	0.28162423
0.90397155	0.30352026
0.9040091	0.14255399
0.90402573	0.20541629
0.9039487	0.3846512
0.90397584	0.16034257
0.90398204	0.23280437
0.9039572	0.30155507
0.90396345	0.2271612
0.90393865	0.25161916
0.90389323	0.30003554
0.90388924	0.23159526
0.90389556	0.30463946
0.90384	0.33519185
0.90385664	0.166398
0.9038938	0.13518842
0.9039001	0.23054639
0.9039166	0.21373144
0.90394336	0.15194483
0.90395975	0.13896406
0.90399665	0.18937586
0.9039517	0.33910885
0.90393746	0.23515709
0.903913	0.23816253
0.9038785	0.25767648
0.9038949	0.18187979
0.9039011	0.17888363
0.9039276	0.1636635
0.9039033	0.20413479
0.90392977	0.24167465
0.9039056	0.20196205
0.9039319	0.17897476
0.90393806	0.2017891
0.9039442	0.19053978
0.9039604	0.1645363
0.9039564	0.25389218
0.9039826	0.19879425
0.90399873	0.15047795
0.90405494	0.1565946
0.904071	0.1864473
0.90408695	0.18315622
0.90409285	0.18856585
0.9041388	0.18345106
0.90414464	0.20397763
0.90420043	0.16127032
0.90423614	0.16768818
0.90421194	0.29038665
0.9042277	0.16717517
0.90421355	0.21801753
0.904269	0.1446566
0.90428454	0.19071254
0.90434974	0.11735508
0.9043157	0.2811555
0.9043312	0.16681615
0.9043269	0.20000963
0.90436214	0.15069899
0.9043283	0.26635957
0.90429443	0.24856322
0.9042705	0.2524594
0.90427613	0.24657895
0.9042621	0.24627633
0.90425795	0.22682618
0.9042538	0.2574317
0.9042986	0.18239793
0.90433353	0.19284488
0.90434885	0.19559385
0.9043544	0.16525424
0.9043501	0.2114446
0.90435565	0.23499371
0.90437084	0.26835477
0.9043471	0.27569783
0.90434295	0.26880997
0.9043387	0.2960084
0.9043733	0.17098422
0.90439814	0.16497712
0.90443265	0.15616053
0.904438	0.24231684
0.90448207	0.18553196
0.9044874	0.24271609
0.9044831	0.23636663
0.904498	0.17393196
0.90448403	0.24275637
0.90448934	0.20800373
0.90449464	0.16804643
0.90448076	0.2900536
0.9044573	0.24096051
0.9044722	0.17286988
0.90451574	0.15230255
0.904521	0.18003084
0.90452623	0.24829572
0.90454096	0.19735825
0.9045462	0.21211289
0.9045609	0.19918483
0.9045566	0.22899151
0.90454274	0.19623907
0.9045574	0.26202032
0.90458155	0.19481495
0.90458673	0.21539013
0.9045824	0.2667223
0.9046159	0.15046704
0.9046304	0.19010884
0.9046261	0.1395069
0.90464056	0.1946911
0.9046268	0.2228755
0.90461296	0.298662
0.9046557	0.16340931
0.9046701	0.17223094
0.90468454	0.19757734
0.90470827	0.17735726
0.9046945	0.20005044
0.9047088	0.28187427
0.9047231	0.17219639
0.90470004	0.27588257
0.90472364	0.17795227
0.90471923	0.22485408
0.90475214	0.14540534
0.9047943	0.15982457
0.90480846	0.2616199
0.9048783	0.092502326
0.9048831	0.18632372
0.90488786	0.2084531
0.90489256	0.201469
0.90488803	0.198781
0.90487427	0.22777498
0.9048698	0.20811747
0.9048745	0.20495151
0.90487003	0.21340998
0.90487474	0.22721009
0.9049163	0.1795501
0.9049394	0.18248372
0.90494406	0.14181116
0.9049303	0.25084713
0.9049533	0.16345233
0.9049763	0.1660039
0.9050084	0.14238107
0.90497637	0.26344916
0.90498096	0.21918626
0.9050221	0.17721722
0.90503573	0.2163454
0.90504026	0.20263807
0.9050539	0.15104008
0.9050038	0.28474885
0.90497196	0.3371733
0.90495837	0.24148452
0.904972	0.16950834
0.90494937	0.27839556
0.9049358	0.25252393
0.90494037	0.20549002
0.9049088	0.2724163
0.90494955	0.13302554
0.904927	0.23523885
0.90496767	0.17215066
0.9049632	0.2118875
0.9049587	0.20098415
0.90495425	0.20030834
0.9049768	0.16181971
0.9050172	0.21386391
0.9050396	0.21508989
0.9050799	0.1460743
0.9050754	0.18958813
0.90509766	0.18725117
0.90511996	0.18577236
0.90513325	0.18075417
0.9051465	0.17102012
0.905133	0.2559946
0.90514624	0.18557793
0.90516835	0.18631896
0.90517265	0.24474218
0.9051414	0.27222604
0.9051368	0.19464783
0.9051411	0.20675509
0.9051189	0.26143846
0.90513206	0.20276254
0.90517175	0.13183704
0.9052113	0.15239227
0.90520674	0.31945103
0.9051933	0.25621584
0.90523285	0.23809822
0.905237	0.2294007
0.905206	0.24838646
0.90521026	0.20147628
0.90520567	0.25629437
0.9052011	0.22623496
0.9051878	0.2253083
0.9052095	0.17873643
0.9051874	0.2383205
0.90519166	0.24414483
0.9052046	0.17033058
0.90523493	0.20250702
0.9052304	0.20825215
0.9052258	0.22052555
0.9052474	0.15725663
0.9052515	0.20245104
0.90522957	0.33788657
0.9052077	0.26456705
0.9051598	0.31996277
0.90519863	0.1643709
0.9051595	0.27517217
0.905181	0.24401036
0.9051938	0.16066103
0.90522385	0.15498465
0.90524524	0.21494114
0.90517175	0.3023699
0.9051845	0.2140176
0.90522313	0.13837704
0.9051928	0.20727561
0.90517116	0.26604834
0.9052268	0.13819839
0.9052481	0.18121299
0.90526927	0.2021688
0.90529907	0.15393749
0.90531164	0.24542741
0.9052472	0.3349247
0.90525126	0.17241254
0.9052895	0.1910924
0.90530205	0.2707275
0.9053316	0.19720192
0.90533555	0.21261095
0.90532255	0.2596918
0.9053095	0.24388665
0.90527105	0.31556064
0.90530896	0.14848326
0.9053045	0.21505485
0.90534234	0.14943421
0.9053378	0.23711966
0.9053587	0.20556627
0.90535414	0.21261883
0.90529895	0.31076637
0.9053282	0.19293322
0.9053659	0.12466162
0.9054035	0.12121287
0.9053821	0.3119135
0.9054196	0.19487436
0.90542346	0.24219158
0.9053769	0.33232707
0.90537244	0.25775674
0.9054098	0.13722357
0.9054137	0.23339508
0.90545094	0.19096673
0.9054213	0.30141103
0.90540844	0.25449812
0.90544564	0.1661537
0.9054745	0.15489474
0.90549487	0.14451984
0.90550697	0.28675982
0.9055024	0.21296197
0.9055144	0.14984286
0.90552646	0.1863744
0.9055467	0.1655794
0.90553385	0.2042226
0.905579	0.15325084
0.9055661	0.2424061
0.9055945	0.13921635
0.90558165	0.18738785
0.9056101	0.16051163
0.9056302	0.16057496
0.9056091	0.27457145
0.90562916	0.2205398
0.9056821	0.12612964
0.90568566	0.22858219
0.9056892	0.17550026
0.9057174	0.16210964
0.90576184	0.12044679
0.90579814	0.16322461
0.90580153	0.19256538
0.90582955	0.1606694
0.9058493	0.22078627
0.905869	0.20048231
0.9058561	0.28114206
0.90587574	0.16007698
0.90588725	0.1768815
0.9058499	0.26197913
0.9058939	0.13147968
0.90588915	0.26609853
0.9058844	0.2534698
0.9058958	0.21914317
0.90589106	0.19266501
0.90588623	0.26620996
0.9058815	0.24850312
0.90590906	0.17009263
0.90588814	0.2557677
0.90590763	0.22165883
0.9059351	0.24217147
0.90594643	0.1941054
0.9059256	0.21745145
0.90589666	0.20667915
0.9058758	0.25455785
0.90589523	0.17069094
0.9059226	0.17751975
0.9059018	0.20100349
0.9059211	0.2328417
0.90593237	0.17191882
0.90597564	0.1564641
0.9059309	0.23657808
0.9059741	0.1879966
0.90596133	0.24994712
0.90594864	0.2135879
0.9059439	0.22251919
0.9059551	0.23633228
0.9059503	0.20270483
0.9059615	0.18190582
0.9059806	0.16283363
0.9060155	0.20297886
0.9060346	0.1771875
0.906006	0.23562971
0.9060329	0.1853094
0.90602815	0.2218929
0.9060234	0.16646929
0.90604234	0.24029171
0.90606123	0.18848965
0.9061038	0.10333128
0.90607536	0.2919517
0.9061099	0.13519017
0.90613663	0.12324364
0.9061397	0.25661746
0.90609556	0.25716937
0.9061143	0.15730709
0.9061174	0.16831192
0.9060655	0.30769163
0.9060921	0.17258495
0.90609515	0.21471748
0.90610605	0.2160977
0.9060856	0.23987442
0.9061043	0.17666955
0.9060527	0.20602512
0.9060402	0.30198118
0.9060433	0.14570837
0.9060775	0.13013193
0.90604943	0.34198406
0.90605253	0.20954604
0.9060867	0.14135714
0.90607417	0.25769505
0.9060617	0.20260844
0.90608025	0.18910414
0.90607554	0.19281913
0.9060786	0.2005056
0.9061048	0.13664857
0.9061001	0.29934013
0.90607226	0.27331233
0.9060907	0.15027381
0.90604746	0.28194857
0.9060505	0.19877425
0.90605354	0.25569013
0.9060643	0.17485191
0.9060673	0.25651303
0.9060703	0.19599855
0.90604264	0.2519635
0.9060763	0.13055535
0.90607166	0.1850016
0.9061053	0.15515628
0.90610063	0.22936833
0.90608835	0.1977287
0.9061142	0.16740091
0.90612483	0.24676786
0.90615064	0.16056208
0.9061231	0.29397914
0.9061108	0.26241738
0.90609854	0.17603725
0.90613955	0.10128737
0.90616524	0.16045967
0.90616816	0.17156719
0.9061483	0.23386636
0.90614367	0.22944081
0.9061466	0.17798589
0.9061722	0.14683847
0.9061902	0.19638786
0.9062082	0.16538002
0.906196	0.21747747
0.90621394	0.14620367
0.9062168	0.21055678
0.9062272	0.14475985
0.90626013	0.1600731
0.90624034	0.29757142
0.9062432	0.21081182
0.9062535	0.22505885
0.9062488	0.2105354
0.90622914	0.2605819
0.9062545	0.18559073
0.90627223	0.19145384
0.90629	0.19673386
0.9062778	0.2917882
0.9063254	0.1173034
0.9063431	0.17140095
0.90637565	0.24332026
0.9063634	0.2719492
0.9063736	0.17490149
0.90638375	0.15794617
0.906379	0.22941236
0.9063891	0.17447872
0.9064363	0.16547558
0.9064761	0.13505036
0.9064713	0.18654127
0.9064665	0.19231862
0.90648395	0.19281907
0.90645695	0.25872606
0.9064522	0.23610063
0.9064622	0.21470603
0.9064574	0.24295099
0.90647477	0.17514609
0.9064995	0.23373617
0.90650207	0.19190381
0.9064826	0.2708412
0.9065219	0.14188291
0.90655386	0.13005944
0.9065711	0.16539294
0.90655893	0.27651653
0.90656877	0.20892762
0.90658593	0.14414926
0.90659577	0.19489427
0.90661293	0.21259265
0.9066154	0.17537826
0.9066325	0.17760712
0.90664953	0.2893717
0.9066666	0.18096353
0.9066617	0.17646083
0.90665686	0.16688114
0.9066884	0.15488286
0.90673447	0.12239521
0.90673685	0.18166636
0.90671015	0.3018246
0.90674883	0.1389377
0.90678024	0.15696703
0.9067753	0.32401565
0.9067921	0.18208595
0.9068017	0.16677849
0.90681845	0.15286222
0.90681356	0.27165076
0.9068086	0.16827644
0.90679646	0.2531597
0.9067988	0.22461233
0.90682995	0.15550305
0.906825	0.18338987
0.9068417	0.1877068
0.9068512	0.23276722
0.90688217	0.11172544
0.9068844	0.23204918
0.9068651	0.29172137
0.9068673	0.24551876
0.90688396	0.18290049
0.906879	0.21493427
0.90687406	0.22236803
0.9068477	0.25391948
0.90685713	0.18012463
0.9068522	0.20684876
0.9068402	0.29521596
0.90687096	0.14772943
0.9068518	0.27089795
0.90687543	0.17095084
0.90687054	0.23046689
0.9069083	0.14847499
0.9069034	0.21072482
0.9069269	0.19487369
0.906922	0.23074804
0.9069383	0.15479955
0.9069476	0.2187058
0.9069356	0.26720536
0.9069519	0.20455524
0.906947	0.2645029
0.90694207	0.17813975
0.90692306	0.23971562
0.9069323	0.19150755
0.9069204	0.20300497
0.9069366	0.16399834
0.9070021	0.07451073
0.90702534	0.15676536
0.9070485	0.16445561
0.9070646	0.21323681
0.90705264	0.25147188
0.9070828	0.14837088
0.90709186	0.136615
0.9070939	0.1944988
0.9071239	0.14595787
0.9071539	0.1774773
0.9071489	0.28660807
0.9071369	0.20283218
0.9071459	0.20130171
0.90718275	0.11347576
0.9071917	0.21938793
0.9072215	0.1396435
0.90723735	0.18273748
0.9072602	0.15434232
0.9072621	0.24118601
0.9072779	0.16418342
0.9072589	0.22940187
0.90724695	0.21553387
0.90722805	0.24694484
0.90721613	0.23197883
0.9071904	0.28094447
0.9072062	0.16968818
0.9072288	0.15397479
0.9072031	0.21096845
0.90719813	0.2392253
0.90721387	0.17005138
0.90722954	0.21051897
0.9072659	0.13206056
0.90723336	0.35111466
0.90722156	0.21415049
0.90720284	0.24261782
0.9071979	0.2134428
0.9071792	0.26935458
0.90719485	0.21507575
0.90719676	0.22434711
0.90719867	0.18512903
0.9071869	0.27317417
0.9071615	0.2969373
0.9071429	0.23516873
0.90713805	0.21278237
0.9071468	0.19868849
0.9071624	0.17678799
0.9071848	0.15328713
0.907214	0.18971843
0.90720224	0.26139557
0.9071769	0.25251278
0.90719926	0.18261419
0.90723515	0.08494391
0.907237	0.2295667
0.9072457	0.26573086
0.9072611	0.17840853
0.90729004	0.13525486
0.90728515	0.19937381
0.90729374	0.17541054
0.90732265	0.1322935
0.9073447	0.16326421
0.90736675	0.1742978
0.90736854	0.22901301
0.9073433	0.2662768
0.9073586	0.2075544
0.90735364	0.23926407
0.90732175	0.3896423
0.9073303	0.23705348
0.90735227	0.19168222
0.9073876	0.16851938
0.90738267	0.2077745
0.9073576	0.24242726
0.9073996	0.11192505
0.90739465	0.20988898
0.9073763	0.28479457
0.9074048	0.13829361
0.9074266	0.12187777
0.9074617	0.11182716
0.90746343	0.20001978
0.9074651	0.18368395
0.9074468	0.22371621
0.90744185	0.24057513
0.9074569	0.18792777
0.9074785	0.118958294
0.9074935	0.20321308
0.90750843	0.12799214
0.9075234	0.18487519
0.9075317	0.2336598
0.9075466	0.21082948
0.90755486	0.19025113
0.90754986	0.23202121
0.90754485	0.20281647
0.9075531	0.21174599
0.9075547	0.21310411
0.90758276	0.14609666
0.9075513	0.25613433
0.9075793	0.19016257
0.9075809	0.16466497
0.9076155	0.10756984
0.90760386	0.26472935
0.9075791	0.2303575
0.9075413	0.24959096
0.90754944	0.17715424
0.9075839	0.14999172
0.9075986	0.19842316
0.90760016	0.2415446
0.90757555	0.23801188
0.90759677	0.15616457
0.9076114	0.17857617
0.9076261	0.26531065
0.9076538	0.1471882
0.9076488	0.2196044
0.90770257	0.11803123
0.9077236	0.17734951
0.9077186	0.19095072
0.9077331	0.16979934
0.9077281	0.18092018
0.90774256	0.22366494
0.90774405	0.15761068
0.907752	0.14633742
0.90777296	0.17993708
0.9077809	0.24079774
0.90781474	0.14031522
0.90778375	0.3098619
0.90776575	0.22167891
0.9077866	0.12374762
0.90780103	0.19994694
0.90783477	0.13533774
0.9078491	0.22297055
0.90788275	0.12708348
0.9078841	0.23534992
0.90790486	0.14541025
0.9079126	0.1951977
0.9079204	0.19497782
0.9078831	0.33497685
0.90789735	0.15259479
0.9079244	0.16982065
0.90794504	0.1854071
0.90792066	0.23540342
0.9079028	0.24077958
0.9078913	0.22331628
0.90792465	0.12604007
0.9079068	0.2144326
0.90790814	0.21781252
0.90792865	0.17093872
0.9079364	0.2151766
0.9079185	0.2922631
0.907939	0.1555153
0.90796584	0.19892663
0.907948	0.22770178
0.9079493	0.21067756
0.90796334	0.15250471
0.9079774	0.16552706
0.90796596	0.26471856
0.9079672	0.23045929
0.9079622	0.22309725
0.90795714	0.26347294
0.90796477	0.23293513
0.9079851	0.16054253
0.90799904	0.12518609
0.9080066	0.21636586
0.9080269	0.17461042
0.90804076	0.15005046
0.9080673	0.12287209
0.9080685	0.29052025
0.9080823	0.16236866
0.9081088	0.12374589
0.90809107	0.23299585
0.90809226	0.19172026
0.908062	0.25685656
0.90808207	0.1595651
0.9080707	0.22861221
0.90805304	0.22386386
0.9080417	0.24955183
0.90809315	0.07315548
0.9080881	0.20469086
0.9080893	0.23417015
0.908103	0.1767523
0.90811044	0.15845631
0.9081304	0.15723474
0.90813154	0.22749147
0.90816396	0.12654208
0.9081464	0.29918188
0.9081475	0.19312924
0.90814245	0.2001992
0.9081623	0.18236691
0.90818834	0.18706253
0.9081895	0.21928467
0.9081906	0.22810058
0.90822285	0.14527334
0.9082177	0.238282
0.9082064	0.23445493
0.90822613	0.15372775
0.90826446	0.10342224
0.90826553	0.1839192
0.9082666	0.19163704
0.9082615	0.24069175
0.9082811	0.15709665
0.90829456	0.15695745
0.9083141	0.2118685
0.90829664	0.2757927
0.9082915	0.2082535
0.90831727	0.13895698
0.9082936	0.28988922
0.90827006	0.25485933
0.90826494	0.21529266
0.90830296	0.1194897
0.90827936	0.29772067
0.908305	0.13623019
0.9082999	0.18209262
0.90831935	0.1659415
0.9083449	0.14318115
0.90834594	0.21558055
0.90833473	0.2521346
0.90833575	0.18424776
0.9083306	0.2323744
0.90835	0.12992164
0.9083632	0.16388041
0.9083581	0.20674956
0.90838355	0.16607156
0.90837234	0.23171659
0.9083794	0.21996443
0.90836823	0.24971242
0.90839964	0.13684416
0.9083945	0.17167096
0.9084077	0.17483893
0.90843904	0.16090596
0.9084339	0.17064671
0.9084409	0.19043243
0.9084358	0.21276256
0.9084246	0.26786125
0.90845585	0.119495526
0.9084507	0.21007885
0.90843356	0.24854067
0.90844053	0.16378582
0.9084354	0.21058542
0.9084243	0.2605301
0.90845543	0.12844592
0.9084563	0.22837982
0.9084693	0.17087707
0.9085064	0.11111563
0.90850735	0.19015667
0.9085203	0.21846174
0.90847903	0.31578565
0.908504	0.1376735
0.9085109	0.2615225
0.9084818	0.31929913
0.9084887	0.17132382
0.90850157	0.23294802
0.9085145	0.13967267
0.9085274	0.15261078
0.9085462	0.16794892
0.90853506	0.2799963
0.9085061	0.24193776
0.9085428	0.09778394
0.9085616	0.20865521
0.9085923	0.12098595
0.9085812	0.22841388
0.9085701	0.30474132
0.9085829	0.15266357
0.90858376	0.19839837
0.90859056	0.22089611
0.9085319	0.3341346
0.9085506	0.20129287
0.90857524	0.16266686
0.90858793	0.25967914
0.9086066	0.20180428
0.9086074	0.33786803
0.90861416	0.17663668
0.908615	0.18322523
0.90860987	0.25890863
0.9086107	0.18120664
0.90862924	0.15336841
0.908636	0.17480387
0.9086663	0.120451525
0.9086494	0.250004
0.9086325	0.2277903
0.9086392	0.22176743
0.90865177	0.22815195
0.90865844	0.20066941
0.90868276	0.13420069
0.9087188	0.14775258
0.90873724	0.15626894
0.90873796	0.1678314
0.9087446	0.21956404
0.9087453	0.18074337
0.9087343	0.25961965
0.9087292	0.23010486
0.90875924	0.17674021
0.90872484	0.3134392
0.9087197	0.17873219
0.90871465	0.16924326
0.90872705	0.14536735
0.9087278	0.285765
0.9087519	0.1589918
0.9087118	0.33301276
0.9087067	0.27398917
0.90867835	0.30834138
0.9086733	0.23189905
0.9086915	0.1799088
0.9086807	0.21056743
0.90868723	0.1792112
0.90872866	0.0827068
0.9087352	0.15288514
0.90876496	0.113537505
0.90875405	0.2250193
0.9087432	0.20795202
0.90871495	0.25892892
0.9087273	0.20108727
0.90871066	0.23017912
0.90871143	0.18687886
0.90871793	0.22353342
0.90870714	0.19449887
0.9087252	0.20194244
0.90872014	0.23508686
0.9087382	0.16781999
0.9087389	0.22883655
0.9087454	0.2332536
0.9087461	0.17606935
0.9087296	0.29762352
0.90873605	0.22327067
0.90873104	0.26816937
0.9087203	0.22741759
0.90872675	0.20738846
0.9087447	0.17369984
0.90876263	0.18806954
0.9087805	0.18892609
0.9087984	0.19701098
0.9088105	0.20094597
0.9088284	0.14596036
0.90878904	0.2759848
0.908784	0.16614138
0.9088075	0.12547746
0.90880823	0.21046987
0.9088146	0.22953138
0.90882665	0.14601657
0.90879315	0.31332424
0.90881664	0.15189955
0.90878314	0.32182252
0.9088123	0.1279062
0.9087959	0.24251503
0.9088136	0.13092975
0.90879726	0.23050126
0.9088263	0.10074219
0.908827	0.18878073
0.90884465	0.17349114
0.90885097	0.15734679
0.9088743	0.12254006
0.90885794	0.27978772
0.9088812	0.16688158
0.90888745	0.23227955
0.908905	0.14356019
0.90889436	0.23655297
0.908895	0.16231276
0.90892947	0.1301745
0.9089413	0.19776236
0.90891373	0.27231926
0.9089144	0.17246261
0.90893745	0.11681459
0.90893245	0.1650747
0.9089612	0.12172893
0.9089393	0.2900256
0.90893424	0.16712733
0.908918	0.2535054
0.9089242	0.2144941
0.9088968	0.2572142
0.90887505	0.25311333
0.9088645	0.27331302
0.9088819	0.12440978
0.9088769	0.2173085
0.9088608	0.23633689
0.9088614	0.20569494
0.90886205	0.18436234
0.90889615	0.12273262
0.9088968	0.22002763
0.9088974	0.17733963
0.90889245	0.16946392
0.90890974	0.19793491
0.9089048	0.24554357
0.9088943	0.22026758
0.9089227	0.16541122
0.9089177	0.20287375
0.9089294	0.17626688
0.90893555	0.14526115
0.90896386	0.11494964
0.90897	0.21081564
0.90897614	0.24959654
0.90898776	0.13713539
0.90899384	0.21739659
0.90902203	0.15897575
0.90901154	0.25756666
0.9090452	0.09447142
0.9090402	0.23872605
0.90904075	0.18037896
0.9090413	0.20513457
0.90902525	0.263237
0.90903133	0.1630666
0.9090429	0.18876833
0.9090599	0.16478366
0.90905493	0.20568492
0.90903896	0.24226876
0.90906143	0.12316646
0.9090565	0.21530737
0.909035	0.30492198
0.90904105	0.15990552
0.90905803	0.13954686
0.909064	0.17244959
0.9090864	0.18400913
0.90910333	0.17299987
0.9091038	0.2220536
0.90911525	0.19230309
0.90912664	0.19796158
0.9091326	0.21556278
0.90912217	0.20210886
0.90911174	0.21008013
0.90911764	0.20603603
0.909129	0.14581561
0.909135	0.19228107
0.90915173	0.15651909
0.9091631	0.17505266
0.9091581	0.22138433
0.90914226	0.24269855
0.90912646	0.24039043
0.9091432	0.14001133
0.90913826	0.28216466
0.90914416	0.19973817
0.9091663	0.15125613
0.90917754	0.1742095
0.90919423	0.16917133
0.9092109	0.1530483
0.90922755	0.12757605
0.90921175	0.27716157
0.9092014	0.2087758
0.9092018	0.20438172
0.9092022	0.24292904
0.9092027	0.17911957
0.9092031	0.20519207
0.9092089	0.1737931
0.90920395	0.23562111
0.9092205	0.17317043
0.90919405	0.30240136
0.90920526	0.18796852
0.9092057	0.21585777
0.9092007	0.22644867
0.90920115	0.15660414
0.90918547	0.28278896
0.9091806	0.19967666
0.90917563	0.18972944
0.9091654	0.19750631
0.9091765	0.26523128
0.9091877	0.21375509
0.9091988	0.20609665
0.90919924	0.25828686
0.9091943	0.20750616
0.9092001	0.20246834
0.9091952	0.21760868
0.9091903	0.21465655
0.90918535	0.23993021
0.90919113	0.19681408
0.90918624	0.2053748
0.90918666	0.22120796
0.90920305	0.12238152
0.90919816	0.23406647
0.9092092	0.16945538
0.909199	0.27858374
0.9091941	0.2588107
0.9091999	0.16420448
0.909195	0.21986295
0.9091954	0.19071054
0.90918	0.27482745
0.9091751	0.22531824
0.9091755	0.23069054
0.9091654	0.22968893
0.90916055	0.18336178
0.9091504	0.21415429
0.90913504	0.2522711
0.9091461	0.19545202
0.9091307	0.22441985
0.90913117	0.26363364
0.90912634	0.23809694
0.9091531	0.15162504
0.90914303	0.19677578
0.909154	0.24303646
0.90919125	0.112975456
0.90920216	0.17235667
0.9092026	0.18627192
0.9092293	0.10536495
0.9092401	0.1583644
0.9092458	0.2610378
0.9092305	0.25778878
0.9092204	0.23362257
0.9092103	0.22236846
0.9092003	0.22264475
0.9091955	0.3135928
0.9092168	0.10911844
0.90922767	0.1621628
0.9092385	0.20349531
0.9092389	0.2131567
0.90925497	0.16974702
0.90926576	0.16134386
0.9092818	0.12983774
0.90929776	0.16211575
0.9093189	0.16391307
0.9093297	0.17693104
0.90934044	0.25340766
0.9093148	0.26589862
0.90931517	0.22543709
0.9093155	0.21827158
0.9093055	0.23348783
0.90934217	0.12528715
0.90934765	0.20271602
0.9093532	0.16839162
0.9093587	0.14860567
0.90937454	0.1649288
0.9093801	0.19282259
0.9093752	0.2189092
0.90936005	0.25069037
0.9093707	0.22239707
0.9093968	0.14077087
0.909392	0.20466532
0.90942836	0.11004939
0.90943897	0.18345
0.9094238	0.28708375
0.9094241	0.26228577
0.909445	0.1828524
0.90945554	0.1475046
0.90945584	0.22448729
0.90945613	0.21344383
0.90945125	0.22087526
0.9094567	0.1856066
0.9094775	0.13785538
0.9094778	0.2470676
0.9094524	0.30929044
0.90946805	0.18613096
0.90947855	0.1534655
0.90948904	0.1762835
0.9095098	0.18091613
0.90951514	0.16264158
0.9095154	0.17186685
0.9095105	0.22013393
0.90951586	0.20329776
0.9095212	0.18453072
0.90954185	0.1924651
0.9095421	0.21174878
0.9095525	0.16001233
0.90954256	0.26370552
0.90952754	0.2314187
0.90953285	0.1673772
0.90953815	0.21151894
0.9095333	0.2719519
0.9095285	0.24537806
0.9095135	0.2602891
0.909529	0.16485214
0.9095444	0.1524592
0.9095548	0.14775738
0.9095601	0.16268246
0.9095653	0.20947322
0.90959084	0.1367919
0.9096062	0.1801777
0.90959126	0.30663365
0.9095662	0.2602205
0.90957147	0.20689441
0.9095717	0.2158222
0.90957195	0.20438045
0.9095772	0.20093387
0.90958744	0.14691395
0.9095927	0.28984818
0.909608	0.18347727
0.90961325	0.20158817
0.9096084	0.26414394
0.9096237	0.15063727
0.90959877	0.3194921
0.909609	0.16204412
0.9096142	0.15962422
0.90962446	0.18444124
0.90962464	0.24766514
0.90964484	0.11518658
0.9096751	0.09012668
0.9096652	0.22087109
0.9096804	0.15452097
0.9097056	0.13922578
0.90970576	0.2579625
0.9097159	0.1707378
0.90970105	0.37423885
0.9096962	0.20665468
0.9097213	0.122403964
0.90972644	0.22117531
0.9097166	0.21388218
0.9097167	0.17680565
0.90972185	0.19452538
0.909727	0.18293607
0.9097122	0.24072108
0.90968746	0.31651706
0.90968263	0.17474163
0.90968776	0.1625993
0.9096929	0.21541826
0.90968806	0.2198729
0.9097081	0.18738152
0.9097082	0.17421015
0.90970343	0.20981051
0.9097283	0.12214181
0.90974826	0.14317146
0.9097385	0.26158968
0.9097287	0.2415768
0.90974367	0.15870853
0.9097537	0.2067872
0.9097538	0.21852377
0.90973914	0.25313497
0.909759	0.1447677
0.9097591	0.16143954
0.9097592	0.17445953
0.909779	0.112309344
0.90977913	0.20262417
0.90980387	0.14572933
0.9098236	0.16616945
0.9098237	0.20371294
0.90984833	0.16210745
0.9098632	0.15165545
0.9098583	0.26909408
0.9098437	0.18634734
0.90984374	0.16900602
0.9098585	0.12866728
0.90986836	0.1693802
0.9098929	0.15906978
0.90990275	0.22767466
0.90992236	0.13037875
0.9099322	0.17426158
0.909942	0.120704554
0.90997136	0.09366591
0.909986	0.18770346
0.90998113	0.23150477
0.90997624	0.2076507
0.9100006	0.10239244
0.910025	0.1430173
0.9100298	0.16589075
0.91002494	0.25025013
0.9100298	0.17618202
0.91002005	0.25398266
0.91003466	0.11909411
0.91003466	0.28166974
0.9100395	0.19803429
0.9100443	0.16960043
0.9100346	0.23002413
0.9100249	0.27049395
0.9100249	0.1824189
0.9100297	0.22572818
0.91003454	0.19163579
0.910049	0.18851817
0.91005385	0.23543373
0.91006833	0.22712646
0.9100683	0.21755764
0.9100876	0.14666373
0.910102	0.11601407
0.9100971	0.22068058
0.9100874	0.26863024
0.910097	0.17977536
0.910097	0.2537827
0.9100825	0.3020509
0.9101017	0.1161549
0.9101161	0.121408015
0.9100968	0.306954
0.91010153	0.1884068
0.9101159	0.13293266
0.91013026	0.12842776
0.910159	0.1161447
0.9101829	0.14152126
0.91017324	0.25556213
0.9101827	0.158625
0.9102066	0.12511395
0.9102065	0.23729211
0.91022074	0.14552094
0.91025895	0.10627369
0.91027313	0.15992856
0.91029215	0.1444025
0.9103111	0.1439117
0.91030616	0.2128178
0.91030127	0.19781178
0.9102868	0.22350238
0.91030574	0.18277088
0.91031986	0.1429951
0.9103293	0.14033742
0.9103434	0.16183978
0.9103527	0.2192457
0.9103526	0.19046055
0.9103429	0.22472465
0.91034275	0.23488918
0.91035205	0.1783237
0.91035664	0.18144365
0.9103375	0.26064515
0.91036105	0.13178976
0.9103751	0.13810125
0.91037494	0.22407216
0.91037947	0.22878437
0.91040295	0.09744092
0.9104075	0.16342844
0.91042626	0.16430625
0.9104497	0.12419948
0.91044	0.26343948
0.9104445	0.2413441
0.91043484	0.26907337
0.9104441	0.18464956
0.9104533	0.16327713
0.91043425	0.2072659
0.9104482	0.15642254
0.91044796	0.24731393
0.9104666	0.12007166
0.9104758	0.13712913
0.91048026	0.21073025
0.91048	0.19109513
0.9104892	0.15112713
0.91048896	0.2533077
0.9104841	0.2365983
0.91046035	0.26293576
0.91047424	0.18006888
0.9104974	0.1499708
0.9105206	0.12687163
0.91052973	0.15615083
0.9105342	0.19340937
0.9105526	0.13376741
0.9105477	0.23342957
0.9105288	0.26515877
0.91054255	0.18418944
0.91054696	0.21176009
0.910542	0.23157646
0.9105464	0.16465795
0.9105555	0.19465952
0.9105739	0.15602966
0.9105876	0.1539476
0.91059196	0.16013096
0.91060567	0.13572554
0.9105914	0.21923563
0.9105818	0.19611406
0.91060483	0.1468057
0.9106278	0.11192407
0.91062284	0.22439836
0.9106086	0.31210902
0.91061294	0.1793474
0.91059417	0.2103607
0.9106031	0.19586991
0.910589	0.30369887
0.91060257	0.21025008
0.9106208	0.18380672
0.91064364	0.1462771
0.9106341	0.23386674
0.9106061	0.29766372
0.9106197	0.15730387
0.9106147	0.21600752
0.9106145	0.2682342
0.91060495	0.17417055
0.9106277	0.10220885
0.9106274	0.1729357
0.91064095	0.18242061
0.9106499	0.19912265
0.9106588	0.1751963
0.9106585	0.21306564
0.9106582	0.19039802
0.9106625	0.1926143
0.910653	0.21728687
0.9106573	0.1856474
0.910657	0.2141515
0.91063374	0.2625303
0.9106426	0.14092596
0.9106561	0.18635039
0.9106741	0.14342624
0.9106555	0.28054878
0.91064143	0.25065264
0.91064113	0.1985099
0.9106271	0.26042497
0.9106497	0.19795093
0.9106494	0.21341687
0.9106537	0.17738526
0.9106488	0.26365483
0.9106759	0.12621936
0.91067106	0.2829449
0.9106799	0.16371359
0.9106932	0.13549024
0.9106838	0.19552225
0.91068345	0.17399196
0.9106968	0.14630698
0.910692	0.2749647
0.9106962	0.20480151
0.91069585	0.15197413
0.91071373	0.20544353
0.91073155	0.19544664
0.9107403	0.12099265
0.91073996	0.26525557
0.9107396	0.17202185
0.91071665	0.24875158
0.91071177	0.22175255
0.9107024	0.24531482
0.91067946	0.30772305
0.9106882	0.18433456
0.91068333	0.19064179
0.91071016	0.11465378
0.9107144	0.19419874
0.9107231	0.17693473
0.9107092	0.266337
0.9107179	0.15998597
0.9107266	0.15914956
0.9107353	0.14867145
0.9107485	0.17372812
0.91075265	0.17973872
0.9107613	0.1902882
0.91077447	0.13637245
0.9107741	0.20523106
0.9107603	0.25805178
0.91074646	0.30091774
0.9107461	0.22156559
0.9107458	0.17549807
0.91074544	0.2520507
0.91075855	0.14650697
0.9107537	0.30507457
0.91076684	0.12315257
0.910771	0.22718555
0.9107751	0.16187185
0.9107927	0.15481111
0.91078335	0.25242805
0.91079646	0.20278986
0.9107782	0.23060198
0.91079575	0.12686543
0.9108132	0.16644874
0.91083074	0.14775479
0.91083926	0.1697994
0.9108389	0.19695383
0.91085637	0.13440403
0.91085154	0.271113
0.91086894	0.15439928
0.9108997	0.12546957
0.9109171	0.1263955
0.9109256	0.1836935
0.9109341	0.15113655
0.9109248	0.292989
0.9109377	0.14808606
0.9109506	0.13365424
0.9109502	0.22148016
0.91094977	0.21111114
0.91096264	0.21278852
0.91095775	0.2326233
0.9109706	0.20477585
0.9109702	0.23970686
0.9109654	0.24858524
0.9109826	0.16377914
0.91097337	0.25037318
0.9109818	0.1578026
0.9109946	0.18473326
0.9109853	0.35030144
0.9109849	0.217554
0.91098887	0.24149007
0.91097075	0.20608379
0.91098356	0.19931063
0.9110008	0.1767944
0.9109783	0.30166355
0.91096467	0.24210228
0.910973	0.19049644
0.9109682	0.2359807
0.9109722	0.21227668
0.9109805	0.15261637
0.9109845	0.20885654
0.9109665	0.21092156
0.9109661	0.20143925
0.91097444	0.18067913
0.9109696	0.25293887
0.91096485	0.22469808
0.91097754	0.146433
0.9109727	0.21846563
0.91100734	0.09920285
0.9110244	0.1459382
0.9110239	0.16650729
0.9110497	0.13736747
0.9110711	0.17254561
0.911075	0.17163923
0.9110745	0.19840062
0.91109586	0.15056512
0.9110998	0.19543526
0.91110367	0.19602402
0.91111624	0.17924725
0.9111114	0.18930614
0.91111964	0.17776367
0.9111409	0.15738931
0.91115344	0.14954849
0.9111573	0.20760202
0.9111655	0.16437353
0.91116065	0.22614977
0.9111558	0.18585926
0.91116834	0.14728786
0.91116345	0.23108365
0.91117597	0.16288719
0.91118413	0.1766503
0.91118795	0.2444189
0.9112091	0.14613253
0.91122156	0.15713984
0.911247	0.09492156
0.91125077	0.1950817
0.9112546	0.19240606
0.91128	0.10241506
0.911301	0.116266355
0.91132635	0.10488381
0.9113301	0.23969096
0.91133815	0.16320978
0.91133326	0.21622093
0.9113327	0.23837762
0.9113364	0.2277479
0.9113402	0.16894199
0.9113267	0.22654419
0.9113261	0.20495191
0.91133416	0.20057864
0.9113465	0.22512823
0.9113373	0.26910532
0.9113324	0.34780282
0.91131896	0.284263
0.9113227	0.16835125
0.9113178	0.22114797
0.9113216	0.14831352
0.9113038	0.20395362
0.91131186	0.19051607
0.91132843	0.12863444
0.91131073	0.2857325
0.911323	0.16793686
0.9113182	0.1677257
0.9113304	0.15883304
0.9113256	0.23032181
0.91132075	0.20612164
0.9113159	0.21500729
0.9113239	0.1769759
0.9113233	0.22071649
0.9113441	0.10899289
0.91135633	0.1479514
0.9113387	0.29226738
0.91132957	0.27530277
0.9113418	0.1647922
0.9113497	0.2034853
0.9113534	0.19942752
0.91138685	0.08211121
0.911382	0.22240004
0.91141117	0.097767934
0.9114148	0.18094943
0.9114142	0.16197193
0.91142637	0.118977636
0.9114215	0.23867117
0.91143364	0.18125543
0.91145843	0.1526264
0.9114494	0.22976005
0.9114572	0.19989164
0.91146505	0.16077293
0.911456	0.21127042
0.91145957	0.18765055
0.91148436	0.14498468
0.91150063	0.100272916
0.91149575	0.24521394
0.9115078	0.13645393
0.9115156	0.17640963
0.91149807	0.24556866
0.91152275	0.0945347
0.9115221	0.19574854
0.9115299	0.16476324
0.9115335	0.18520314
0.911537	0.16241737
0.91154057	0.16072391
0.9115568	0.1389144
0.91153926	0.23746613
0.91155124	0.13627432
0.9115506	0.2140032
0.91157097	0.116123416
0.91157866	0.13264103
0.9115948	0.13885503
0.91159415	0.22476417
0.91160184	0.17457473
0.91161793	0.17452222
0.9116256	0.18039054
0.9116459	0.15786067
0.9116619	0.13189785
0.91168636	0.10112432
0.9116898	0.19879329
0.9116891	0.21463382
0.9117009	0.18864776
0.9117086	0.17857987
0.91172874	0.12088109
0.91174054	0.20125306
0.9117565	0.13831821
0.9117432	0.35298198
0.9117425	0.20696285
0.9117418	0.32821414
0.9117494	0.1506507
0.9117362	0.20583495
0.91174793	0.12516628
0.911768	0.13285246
0.9117548	0.2757604
0.91176236	0.15542386
0.9117658	0.19259147
0.91177756	0.13617861
0.91178095	0.15712194
0.9117968	0.14435032
0.9118043	0.15550442
0.9118036	0.2350959
0.91179454	0.2930882
0.9118062	0.19984676
0.91184276	0.08119699
0.9118503	0.17688647
0.9118536	0.17250185
0.9118611	0.20298544
0.9118645	0.1800118
0.91186786	0.15941931
0.91187537	0.17148319
0.9118993	0.13937892
0.91190684	0.17938784
0.91189367	0.20514365
0.911897	0.18008499
0.91190445	0.1638363
0.9119119	0.15510198
0.91191936	0.1714622
0.91193503	0.13320841
0.9119137	0.34127495
0.91191286	0.22561371
0.9119162	0.17960876
0.91192365	0.18465033
0.91191876	0.19047043
0.91192615	0.13234492
0.91193765	0.1689992
0.9119533	0.12922339
0.9119525	0.24082626
0.9119599	0.14459468
0.9119755	0.1496316
0.91199106	0.1951121
0.91199434	0.19169316
0.9120099	0.1773193
0.91200495	0.2652383
0.91201234	0.23504494
0.91200334	0.17523608
0.9120066	0.19196564
0.9120099	0.15935862
0.9120172	0.16670917
0.9120082	0.26826593
0.91200334	0.22790934
0.91201067	0.15996519
0.91202617	0.12643918
0.9120457	0.11946127
0.91204077	0.17883056
0.91205215	0.13575013
0.9120432	0.24450852
0.9120505	0.2083922
0.9120537	0.18447313
0.91205287	0.18314123
0.9120439	0.21245931
0.91204715	0.20711239
0.9120463	0.22007123
0.91204554	0.26096347
0.91204065	0.17894047
0.9120317	0.23175047
0.9120309	0.21763182
0.912026	0.21862479
0.91203326	0.2073362
0.9120324	0.18183137
0.91204375	0.1742528
0.912051	0.19186394
0.91206634	0.13924168
0.9120655	0.18469797
0.9120647	0.17488576
0.9120679	0.18947764
0.9120509	0.35963595
0.9120582	0.16352297
0.91206944	0.16518
0.91205245	0.23627964
0.9120436	0.21789972
0.91205084	0.17210789
0.91205	0.25078723
0.9120572	0.19820344
0.91206443	0.19035271
0.91205156	0.22019368
0.9120547	0.20992588
0.91207	0.19263338
0.91204906	0.33110034
0.9120482	0.20708713
0.91204745	0.18514393
0.91203856	0.22643416
0.91202974	0.23048797
0.91203296	0.2038468
0.9120401	0.19345072
0.9120313	0.29366878
0.9120465	0.104610175
0.9120497	0.18527111
0.9120449	0.2756179
0.91205204	0.16326562
0.9120392	0.23601395
0.91204643	0.1500564
0.9120576	0.16029102
0.9120767	0.099766634
0.91210383	0.10735054
0.912103	0.18824518
0.91211015	0.20006874
0.9121292	0.13271627
0.9121324	0.20091014
0.9121355	0.2382107
0.91215056	0.123359114
0.91216165	0.11027543
0.91216475	0.1518216
0.91217583	0.14898792
0.91217893	0.1928431
0.91219395	0.14367518
0.91220105	0.20749812
0.9122121	0.13190119
0.9121834	0.37848815
0.9121945	0.13280949
0.91219753	0.19926375
0.9122165	0.16271536
0.91221565	0.2178069
0.9122029	0.20393267
0.91220593	0.209372
0.9121853	0.28702837
0.91217256	0.22349243
0.9121717	0.24376827
0.9121669	0.24605492
0.9121897	0.1299394
0.91218495	0.19036233
0.912192	0.14216727
0.9122069	0.11053994
0.9122218	0.12279298
0.9122209	0.26669103
0.91222006	0.23862904
0.9122389	0.13978139
0.912238	0.1976762
0.912245	0.16160242
0.9122441	0.23217574
0.912259	0.1577639
0.91227776	0.13706781
0.91229254	0.117410965
0.9122956	0.17576618
0.9122986	0.24462815
0.9122977	0.22671244
0.91229683	0.21577439
0.912292	0.20977129
0.9123068	0.09509883
0.9123059	0.16641943
0.9122893	0.22441393
0.9122845	0.22988679
0.9122914	0.15277977
0.912314	0.10454371
0.91231704	0.16584866
0.9123357	0.17091888
0.91233087	0.21561319
0.9123299	0.2003603
0.91234463	0.18857792
0.9123633	0.12566775
0.9123467	0.28837624
0.9123419	0.21173568
0.9123566	0.13921447
0.9123596	0.20392634
0.9123431	0.28274876
0.91234994	0.17582227
0.9123529	0.24689202
